Date,Open,High,Low,Close,Volume,Adj Close
2013-04-17,18.07,18.07,17.74,18.00,711300,18.00
2013-04-16,17.92,18.14,17.78,18.13,435700,18.13
2013-04-15,18.16,18.23,17.85,17.86,696700,17.86
2013-04-12,18.49,18.58,18.17,18.23,804700,18.23
2013-04-11,18.64,18.79,18.56,18.63,491500,18.63
2013-04-10,18.33,18.80,18.33,18.61,811000,18.61
2013-04-09,18.32,18.50,18.23,18.37,569800,18.37
2013-04-08,17.87,18.33,17.84,18.33,910000,18.33
2013-04-05,18.05,18.05,17.75,17.90,590600,17.90
2013-04-04,18.25,18.28,18.09,18.16,778700,18.16
2013-04-03,18.32,18.36,18.16,18.27,943400,18.27
2013-04-02,18.25,18.48,18.19,18.27,787300,18.27
2013-04-01,18.14,18.28,17.96,18.22,635400,18.22
2013-03-28,18.00,18.21,17.95,18.19,641300,18.19
2013-03-27,17.88,17.99,17.79,17.96,546600,17.96
2013-03-26,17.95,18.05,17.79,17.91,845100,17.91
2013-03-25,17.77,17.86,17.67,17.84,533900,17.84
2013-03-22,17.87,17.87,17.66,17.77,630400,17.77
2013-03-21,17.60,17.89,17.58,17.78,903300,17.78
2013-03-20,17.64,17.76,17.58,17.68,973200,17.68
2013-03-19,17.66,17.69,17.40,17.53,1639900,17.53
2013-03-18,17.71,17.74,17.54,17.60,592100,17.60
2013-03-15,17.96,18.06,17.73,17.80,1028100,17.80
2013-03-14,17.89,18.09,17.84,17.94,733400,17.94
2013-03-13,17.81,18.00,17.79,17.91,857400,17.91
2013-03-12,17.97,18.05,17.83,17.83,741800,17.83
2013-03-11,17.86,18.08,17.83,17.97,1022500,17.97
2013-03-08,17.98,18.09,17.84,18.01,705300,18.01
2013-03-07,17.99,18.04,17.84,17.91,676400,17.91
2013-03-06,18.05,18.16,17.96,18.03,952500,18.03
2013-03-05,17.96,18.26,17.93,18.05,1463600,18.05
2013-03-04,17.72,18.06,17.67,18.00,1536700,18.00
2013-03-01,17.56,17.75,17.43,17.71,2102500,17.71
2013-02-28,17.69,17.72,17.56,17.61,1208500,17.61
2013-02-27,17.25,18.07,17.20,17.71,2684700,17.71
2013-02-26,17.32,17.41,17.23,17.23,706000,17.23
2013-02-25,17.25,17.61,17.20,17.33,1787100,17.33
2013-02-22,17.33,17.38,17.17,17.23,1212100,17.23
2013-02-21,17.35,17.42,17.05,17.31,4201700,17.31
2013-02-20,17.49,17.58,17.30,17.48,1485700,17.48
2013-02-19,17.19,17.50,17.10,17.45,1196600,17.45
2013-02-15,17.17,17.30,17.13,17.22,1109700,17.22
2013-02-14,16.80,17.21,16.80,17.18,1544000,17.18
2013-02-13,16.35,16.95,16.28,16.87,2605500,16.87
2013-02-12,16.20,16.48,16.00,16.44,3592900,16.44
2013-02-11,16.78,16.78,16.67,16.69,2426300,16.69
2013-02-08,17.00,17.00,16.52,16.78,1126400,16.78
2013-02-07,16.77,16.82,16.64,16.81,1122200,16.81
2013-02-06,16.74,16.81,16.66,16.77,1032400,16.77
2013-02-05,16.81,16.85,16.61,16.74,943400,16.74
2013-02-04,16.78,16.90,16.69,16.73,1683300,16.73
2013-02-01,16.90,16.90,16.69,16.79,863600,16.79
2013-01-31,16.68,16.76,16.29,16.75,1724000,16.75
2013-01-30,16.72,16.80,16.64,16.74,1506000,16.74
2013-01-29,16.89,16.89,16.60,16.69,1065800,16.69
2013-01-28,16.88,17.00,16.74,16.93,784900,16.93
2013-01-25,16.75,16.94,16.69,16.87,812800,16.87
2013-01-24,16.64,16.86,16.59,16.79,1402800,16.79
2013-01-23,16.69,16.72,16.49,16.56,591100,16.56
2013-01-22,16.48,16.77,16.48,16.65,566700,16.65
2013-01-18,16.56,16.68,16.50,16.62,765300,16.62
2013-01-17,16.50,16.56,16.36,16.53,792400,16.53
2013-01-16,16.47,16.49,16.29,16.45,1253300,16.45
2013-01-15,16.09,16.61,16.09,16.59,1129500,16.59
2013-01-14,16.40,16.53,16.27,16.49,1067900,16.49
2013-01-11,16.36,16.57,16.30,16.57,1355500,16.57
2013-01-10,16.25,16.27,16.14,16.25,1604000,16.25
2013-01-09,16.28,16.30,15.95,16.23,905400,16.23
2013-01-08,16.05,16.22,16.05,16.22,817800,16.22
2013-01-07,15.98,16.16,15.93,16.13,1018300,16.13
2013-01-04,15.53,16.22,15.48,16.11,1482500,16.11
2013-01-03,15.53,15.58,15.35,15.46,1766300,15.46
2013-01-02,15.65,15.82,15.39,15.50,1859100,15.50
2012-12-31,15.24,15.52,15.21,15.50,447100,15.50
2012-12-28,15.32,15.43,15.24,15.28,420300,15.28
2012-12-27,15.53,15.60,15.27,15.44,560800,15.44
2012-12-26,15.48,15.54,15.31,15.52,493900,15.52
2012-12-24,15.52,15.60,15.41,15.49,148800,15.49
2012-12-21,15.79,15.79,15.47,15.51,723200,15.51
2012-12-20,16.09,16.20,15.84,15.88,1110100,15.88
2012-12-19,16.04,16.25,15.98,16.16,611500,16.16
2012-12-18,15.64,16.08,15.61,16.05,1158700,16.05
2012-12-17,15.57,15.68,15.51,15.65,600400,15.65
2012-12-14,15.78,15.96,15.49,15.51,1114200,15.51
2012-12-13,15.47,15.86,15.47,15.72,1248800,15.72
2012-12-12,15.48,15.70,15.35,15.50,2436500,15.50
2012-12-11,15.96,16.09,15.87,15.98,1232200,15.98
2012-12-10,15.80,16.00,15.77,15.91,370900,15.91
2012-12-07,15.90,16.00,15.79,15.82,310400,15.82
2012-12-06,15.76,15.89,15.75,15.87,368800,15.87
2012-12-05,15.88,15.89,15.62,15.75,611800,15.75
2012-12-04,15.71,15.87,15.57,15.81,899800,15.81
2012-12-03,15.94,16.02,15.66,15.71,703200,15.71
2012-11-30,15.91,16.11,15.91,16.05,416800,16.05
2012-11-29,15.68,15.97,15.31,15.93,551700,15.93
2012-11-28,15.53,15.73,15.31,15.70,640400,15.70
2012-11-27,15.62,15.69,15.51,15.60,325100,15.60
2012-11-26,15.45,15.59,15.33,15.59,409500,15.59
2012-11-23,15.45,15.50,15.27,15.39,229600,15.39
2012-11-21,15.33,15.51,15.23,15.43,595800,15.43
2012-11-20,15.52,15.53,15.09,15.31,663600,15.31
2012-11-19,15.56,15.66,15.40,15.48,610700,15.48
2012-11-16,15.47,15.54,15.27,15.52,838100,15.52
2012-11-15,15.54,15.70,15.33,15.42,701000,15.42
2012-11-14,15.79,15.90,15.48,15.61,522100,15.61
2012-11-13,15.87,16.05,15.75,15.88,463100,15.88
2012-11-12,15.95,15.97,15.78,15.89,281900,15.89
2012-11-09,16.05,16.07,15.79,15.90,473500,15.90
2012-11-08,16.29,16.29,16.02,16.03,490900,16.03
2012-11-07,16.36,16.45,16.07,16.08,951600,16.08
2012-11-06,16.59,16.74,16.44,16.51,561400,16.51
2012-11-05,16.31,16.69,16.31,16.53,703000,16.53
2012-11-02,16.66,16.75,16.38,16.50,750000,16.50
2012-11-01,17.73,17.75,16.14,16.51,2208100,16.51
2012-10-31,17.60,17.92,17.52,17.61,543200,17.61
2012-10-26,17.48,17.63,17.26,17.60,404200,17.60
2012-10-25,17.55,17.70,17.42,17.50,517800,17.50
2012-10-24,17.61,17.61,17.35,17.36,418700,17.36
2012-10-23,17.49,17.56,17.38,17.51,601700,17.51
2012-10-22,17.57,17.66,17.49,17.65,632100,17.65
2012-10-19,17.67,17.68,17.46,17.58,1503800,17.58
2012-10-18,17.66,17.79,17.60,17.69,1124200,17.69
2012-10-17,17.60,17.76,17.47,17.68,481700,17.68
2012-10-16,17.40,17.75,17.31,17.56,1303500,17.56
2012-10-15,17.19,17.40,17.16,17.39,404200,17.39
2012-10-12,17.21,17.29,16.99,17.21,818100,17.21
2012-10-11,17.56,17.74,17.19,17.19,1207000,17.19
2012-10-10,17.42,17.81,17.33,17.53,951100,17.53
2012-10-09,17.49,17.59,17.37,17.46,782100,17.46
2012-10-08,17.42,17.59,17.32,17.56,627800,17.56
2012-10-05,17.48,17.52,17.32,17.42,920800,17.42
2012-10-04,17.13,17.50,17.04,17.45,798400,17.45
2012-10-03,17.01,17.11,16.91,17.08,711000,17.08
2012-10-02,16.81,17.01,16.80,17.01,1329500,17.01
2012-10-01,16.67,16.75,16.53,16.74,628000,16.74
2012-09-28,16.82,16.84,16.65,16.68,918000,16.68
2012-09-27,16.80,16.94,16.78,16.82,278200,16.82
2012-09-26,16.80,16.82,16.56,16.79,783200,16.79
2012-09-25,17.18,17.18,16.79,16.84,484400,16.84
2012-09-24,17.30,17.30,17.05,17.11,330500,17.11
2012-09-21,17.20,17.30,17.14,17.26,675900,17.26
2012-09-20,17.10,17.22,17.02,17.16,357600,17.16
2012-09-19,16.97,17.11,16.95,17.10,337700,17.10
2012-09-18,16.89,17.03,16.76,16.98,712000,16.98
2012-09-17,16.93,17.70,16.90,16.97,989800,16.97
2012-09-14,16.86,17.24,16.86,17.05,449800,17.05
2012-09-13,16.90,17.18,16.83,17.10,448900,17.10
2012-09-12,16.74,17.15,16.74,16.96,2447000,16.96
2012-09-11,16.84,16.95,16.61,16.71,485800,16.71
2012-09-10,16.68,16.84,16.55,16.72,1495200,16.72
2012-09-07,16.70,16.82,16.48,16.54,648800,16.54
2012-09-06,16.36,16.65,16.28,16.64,736800,16.64
2012-09-05,18.49,18.60,18.40,18.56,779600,16.32
2012-09-04,18.31,18.50,18.26,18.50,590600,16.27
2012-08-31,18.46,18.56,18.20,18.25,914700,16.05
2012-08-30,18.24,18.32,17.99,18.21,583900,16.01
2012-08-29,17.89,18.00,17.81,17.94,510700,15.77
2012-08-28,17.73,17.90,17.60,17.85,1196800,15.70
2012-08-27,17.89,17.94,17.82,17.88,317300,15.72
2012-08-24,17.88,17.89,17.70,17.81,533300,15.66
2012-08-23,18.16,18.21,17.78,17.89,728800,15.73
2012-08-22,18.17,18.17,17.90,18.10,449200,15.92
2012-08-21,17.95,18.24,17.90,18.11,731800,15.92
2012-08-20,18.10,18.10,17.79,17.88,643500,15.72
2012-08-17,18.08,18.14,17.99,18.08,1145900,15.90
2012-08-16,18.36,18.48,18.17,18.21,605500,16.01
2012-08-15,18.10,18.54,18.06,18.49,574000,16.26
2012-08-14,18.32,18.41,18.00,18.08,815900,15.90
2012-08-13,18.24,18.34,18.02,18.22,544300,16.02
2012-08-10,18.16,18.27,18.09,18.25,1115100,16.05
2012-08-09,18.21,18.35,18.10,18.22,1271000,16.02
2012-08-08,18.18,18.58,18.07,18.28,1377500,16.07
2012-08-07,18.54,18.71,18.49,18.66,560900,16.41
2012-08-06,18.56,18.79,18.14,18.52,914900,16.28
2012-08-03,18.80,19.52,18.49,18.66,1328800,16.41
2012-08-02,17.62,18.56,17.47,18.52,1308900,16.28
2012-08-01,17.46,17.55,16.96,17.15,1207100,15.08
2012-07-31,17.49,17.80,17.32,17.42,620100,15.32
2012-07-30,17.54,17.69,17.34,17.46,824200,15.35
2012-07-27,17.15,17.76,17.06,17.60,575500,15.48
2012-07-26,17.20,17.28,16.97,17.04,341200,14.98
2012-07-25,17.07,17.09,16.89,16.96,469700,14.91
2012-07-24,17.15,17.17,16.85,17.01,439600,14.96
2012-07-23,17.17,17.39,16.99,17.20,268900,15.12
2012-07-20,17.42,17.49,17.35,17.42,569700,15.32
2012-07-19,17.66,17.70,17.49,17.50,631900,15.39
2012-07-18,17.38,17.75,17.22,17.71,456900,15.57
2012-07-17,17.25,17.47,17.17,17.42,427700,15.32
2012-07-16,17.04,17.23,16.95,17.23,505100,15.15
2012-07-13,16.64,17.18,16.47,17.14,1069700,15.07
2012-07-12,16.32,16.42,16.13,16.37,222300,14.39
2012-07-11,16.41,16.50,16.38,16.46,239700,14.47
2012-07-10,16.36,16.64,16.34,16.46,447700,14.47
2012-07-09,16.34,16.61,16.15,16.51,278500,14.52
2012-07-06,16.66,16.70,16.46,16.53,264000,14.54
2012-07-05,16.52,16.82,16.52,16.78,537100,14.75
2012-07-03,16.71,16.82,16.63,16.76,148900,14.74
2012-07-02,16.62,16.76,16.35,16.74,412400,14.72
2012-06-29,16.05,16.63,16.04,16.63,543100,14.62
2012-06-28,15.81,15.84,15.65,15.83,233200,13.92
2012-06-27,15.92,16.06,15.85,15.94,194600,14.02
2012-06-26,15.60,15.90,15.48,15.83,692700,13.92
2012-06-25,15.58,15.60,15.42,15.52,496200,13.65
2012-06-22,15.77,15.85,15.68,15.73,556800,13.83
2012-06-21,15.98,16.03,15.72,15.74,486100,13.84
2012-06-20,15.76,16.03,15.71,16.00,592300,14.07
2012-06-19,15.65,15.86,15.62,15.77,433800,13.87
2012-06-18,15.42,15.65,15.14,15.64,467200,13.75
2012-06-15,15.20,15.49,15.20,15.46,396900,13.59
2012-06-14,15.12,15.31,14.99,15.17,501000,13.34
2012-06-13,15.23,15.40,14.85,15.07,670300,13.25
2012-06-12,15.32,16.77,14.90,15.22,358800,13.38
2012-06-11,15.33,15.40,15.21,15.24,506400,13.40
2012-06-08,15.02,15.25,14.90,15.20,857800,13.37
2012-06-07,15.44,15.53,15.04,15.05,312000,13.23
2012-06-06,15.04,15.29,14.96,15.28,579600,13.44
2012-06-05,14.97,15.08,14.90,15.01,737000,13.20
2012-06-04,15.34,15.46,14.96,15.01,911000,13.20
2012-06-01,15.41,15.48,15.29,15.30,715300,13.45
2012-05-31,15.94,15.99,15.59,15.59,442200,13.71
2012-05-30,16.18,16.23,15.92,15.93,851700,14.01
2012-05-29,16.46,16.46,16.24,16.29,434000,14.32
2012-05-25,16.36,16.36,16.19,16.25,262400,14.29
2012-05-24,16.45,16.45,16.22,16.28,279300,14.32
2012-05-23,16.46,16.50,16.14,16.41,432000,14.43
2012-05-22,16.31,16.77,15.92,16.60,531600,14.60
2012-05-21,16.38,16.50,16.21,16.26,604000,14.30
2012-05-18,16.49,16.52,16.17,16.36,777200,14.39
2012-05-17,16.48,16.50,16.31,16.37,929300,14.39
2012-05-16,16.48,16.58,16.38,16.45,697200,14.46
2012-05-15,16.37,16.47,16.30,16.46,553500,14.47
2012-05-14,16.26,16.38,16.17,16.34,585600,14.37
2012-05-11,16.13,16.52,16.13,16.47,619600,14.48
2012-05-10,16.15,16.33,16.03,16.29,459400,14.32
2012-05-09,15.94,16.13,15.81,16.04,306500,14.10
2012-05-08,16.10,16.49,15.90,16.09,572600,14.15
2012-05-07,16.53,16.62,16.25,16.28,737000,14.32
2012-05-04,16.43,16.65,16.38,16.52,687300,14.53
2012-05-03,16.70,16.70,16.35,16.49,1161500,14.50
2012-05-02,16.96,17.02,15.97,16.51,1854600,14.52
2012-05-01,16.67,16.90,16.56,16.77,919900,14.75
2012-04-30,16.64,16.80,16.55,16.68,656900,14.67
2012-04-27,16.43,16.70,16.35,16.61,401400,14.61
2012-04-26,16.33,16.63,16.28,16.42,523200,14.44
2012-04-25,16.35,16.62,16.33,16.35,578400,14.38
2012-04-24,16.22,16.45,16.11,16.19,373600,14.24
2012-04-23,16.11,16.28,15.90,16.22,1084500,14.26
2012-04-20,16.13,16.34,16.01,16.30,1050900,14.33
2012-04-19,16.21,16.37,16.01,16.17,533800,14.22
2012-04-18,16.06,16.22,15.86,16.16,1008200,14.21
2012-04-17,16.05,16.17,15.95,16.07,438000,14.13
2012-04-16,15.93,16.16,15.79,15.97,708100,14.04
2012-04-13,15.88,15.95,15.74,15.92,665800,14.00
2012-04-12,15.73,15.95,15.71,15.94,422600,14.02
2012-04-11,15.64,15.94,15.50,15.73,754600,13.83
2012-04-10,15.71,15.80,15.41,15.49,563000,13.62
2012-04-09,15.88,15.93,15.71,15.77,861600,13.87
2012-04-05,15.92,16.15,15.85,16.13,700500,14.18
2012-04-04,16.12,16.23,15.84,15.98,628200,14.05
2012-04-03,16.40,16.53,16.26,16.32,523000,14.35
2012-04-02,16.22,16.47,16.07,16.44,527600,14.46
2012-03-30,16.38,16.47,16.24,16.30,416800,14.33
2012-03-29,16.20,16.40,16.15,16.30,394900,14.33
2012-03-28,16.58,16.68,16.26,16.35,496400,14.38
2012-03-27,16.13,16.80,15.98,16.57,1984200,14.57
2012-03-26,15.92,16.12,15.86,16.09,761100,14.15
2012-03-23,15.66,15.90,15.58,15.78,982500,13.88
2012-03-22,15.45,15.65,15.44,15.52,646000,13.65
2012-03-21,15.50,15.64,15.46,15.58,348300,13.70
2012-03-20,15.68,15.78,15.40,15.43,471500,13.57
2012-03-19,15.90,16.00,15.72,15.74,967100,13.84
2012-03-16,16.11,16.16,15.90,15.94,349100,14.02
2012-03-15,15.88,16.13,15.75,16.09,343700,14.15
2012-03-14,15.90,15.99,15.76,15.88,603100,13.96
2012-03-13,15.87,16.00,15.76,15.97,528900,14.04
2012-03-12,15.65,15.80,15.62,15.75,516600,13.85
2012-03-09,15.41,15.75,15.36,15.66,1083000,13.77
2012-03-08,15.46,15.49,15.37,15.37,421000,13.52
2012-03-07,15.33,15.40,15.19,15.33,711000,13.48
2012-03-06,15.55,15.58,15.19,15.25,456600,13.41
2012-03-05,15.73,15.84,15.61,15.65,450000,13.76
2012-03-02,16.10,16.22,15.69,15.73,644700,13.83
2012-03-01,16.10,16.17,15.98,16.12,320300,14.17
2012-02-29,15.98,16.15,15.94,16.02,367800,14.09
2012-02-28,16.00,16.05,15.80,15.96,438000,14.03
2012-02-27,15.99,16.14,15.86,15.97,374000,14.04
2012-02-24,16.13,16.28,16.01,16.11,365700,14.17
2012-02-23,15.72,16.17,15.57,16.17,513400,14.22
2012-02-22,15.67,15.85,15.61,15.68,332600,13.79
2012-02-21,15.68,15.82,15.60,15.75,566600,13.85
2012-02-17,15.88,16.00,15.71,15.74,340100,13.84
2012-02-16,15.79,16.00,15.70,15.86,394400,13.95
2012-02-15,15.71,15.85,15.46,15.77,687900,13.87
2012-02-14,15.57,15.72,15.49,15.67,868600,13.78
2012-02-13,15.52,15.75,15.40,15.62,854400,13.73
2012-02-10,15.46,15.62,15.35,15.36,536000,13.51
2012-02-09,15.72,15.77,15.44,15.69,994800,13.80
2012-02-08,15.73,16.00,15.35,15.74,927300,13.84
2012-02-07,15.88,16.30,15.74,15.83,847400,13.92
2012-02-06,15.56,15.63,15.35,15.60,1186600,13.72
2012-02-03,15.40,15.68,15.05,15.65,542400,13.76
2012-02-02,15.23,15.47,15.18,15.18,359000,13.35
2012-02-01,14.73,15.22,14.62,15.15,1046300,13.32
2012-01-31,15.71,15.71,14.56,14.63,543700,12.86
2012-01-30,14.91,15.02,14.70,14.71,787600,12.93
2012-01-27,15.27,15.49,15.04,15.05,549900,13.23
2012-01-26,15.37,15.44,15.25,15.35,308800,13.50
2012-01-25,15.12,15.36,15.00,15.28,668300,13.44
2012-01-24,14.90,15.18,14.85,15.13,324800,13.30
2012-01-23,15.22,15.24,14.96,14.97,362900,13.16
2012-01-20,15.13,15.35,15.00,15.19,427800,13.36
2012-01-19,15.24,15.30,15.12,15.18,346700,13.35
2012-01-18,14.94,15.16,14.77,15.16,460900,13.33
2012-01-17,14.84,14.95,14.64,14.91,555900,13.11
2012-01-13,14.49,14.59,14.46,14.50,873300,12.75
2012-01-12,14.82,14.90,14.54,14.58,1521800,12.82
2012-01-11,14.38,14.65,14.38,14.54,1314400,12.79
2012-01-10,14.63,14.76,14.45,14.48,891900,12.73
2012-01-09,14.60,14.70,14.39,14.50,885800,12.75
2012-01-06,14.56,14.66,14.45,14.52,447100,12.77
2012-01-05,14.43,14.68,14.24,14.62,1013300,12.86
2012-01-04,14.57,14.75,14.45,14.45,609600,12.71
2012-01-03,15.18,15.24,14.63,14.68,915000,12.91
2011-12-30,14.67,14.97,14.46,14.95,456500,13.15
2011-12-29,14.55,14.85,14.52,14.71,257600,12.93
2011-12-28,14.87,14.87,14.49,14.50,492600,12.75
2011-12-27,14.83,14.90,14.59,14.78,197700,13.00
2011-12-23,14.99,15.06,14.84,14.90,259500,13.10
2011-12-22,14.82,15.18,14.37,14.99,444200,13.18
2011-12-21,15.20,15.20,14.72,14.76,761400,12.98
2011-12-20,14.66,15.29,14.50,15.19,577000,13.36
2011-12-19,14.72,15.01,14.32,14.49,435300,12.74
2011-12-16,14.48,14.76,14.46,14.66,720100,12.89
2011-12-15,14.39,14.58,14.26,14.38,554500,12.64
2011-12-14,14.21,14.56,14.11,14.25,890000,12.53
2011-12-13,14.71,14.98,14.58,14.65,401900,12.88
2011-12-12,14.85,14.97,14.65,14.73,418200,12.95
2011-12-09,14.99,15.05,14.88,14.98,603800,13.17
2011-12-08,15.14,15.23,14.93,14.97,428300,13.16
2011-12-07,15.24,15.50,15.05,15.30,424000,13.45
2011-12-06,15.32,15.46,15.30,15.35,499200,13.50
2011-12-05,15.45,15.48,15.16,15.29,715200,13.44
2011-12-02,15.38,15.57,15.23,15.28,975000,13.44
2011-12-01,15.47,15.50,15.22,15.30,829500,13.45
2011-11-30,15.52,15.68,15.47,15.57,575600,13.69
2011-11-29,15.21,15.30,15.08,15.13,708800,13.30
2011-11-28,15.07,15.31,14.99,15.26,405000,13.42
2011-11-25,14.78,15.00,14.59,14.60,253700,12.84
2011-11-23,15.18,15.22,14.75,14.89,376800,13.09
2011-11-22,15.14,15.48,15.14,15.34,381400,13.49
2011-11-21,15.11,15.40,15.11,15.24,324200,13.40
2011-11-18,15.50,15.67,15.23,15.34,250200,13.49
2011-11-17,15.81,15.92,15.37,15.43,322100,13.57
2011-11-16,15.96,16.14,15.85,15.85,441400,13.94
2011-11-15,15.97,16.28,15.75,16.15,428300,14.20
2011-11-14,16.23,16.26,15.99,16.01,392000,14.08
2011-11-11,16.12,16.39,16.08,16.29,240000,14.32
2011-11-10,16.09,16.20,15.95,16.02,566400,14.09
2011-11-09,15.43,16.25,15.30,15.98,2464200,14.05
2011-11-08,17.00,17.00,16.62,16.92,644000,14.88
2011-11-07,17.03,17.04,16.52,16.85,645600,14.82
2011-11-04,16.41,17.08,16.07,17.04,1118000,14.98
2011-11-03,16.14,16.47,15.81,16.31,1062100,14.34
2011-11-02,15.81,16.10,15.71,16.00,348200,14.07
2011-11-01,15.79,16.04,15.49,15.71,392600,13.81
2011-10-31,16.24,16.24,16.09,16.15,600200,14.20
2011-10-28,16.52,16.80,16.41,16.41,450200,14.43
2011-10-27,15.98,16.54,15.89,16.54,1025500,14.54
2011-10-26,15.91,16.19,15.65,15.72,433600,13.82
2011-10-25,15.99,16.07,15.79,15.88,376600,13.96
2011-10-24,15.81,16.21,15.71,16.08,302000,14.14
2011-10-21,15.59,15.82,15.29,15.81,723400,13.90
2011-10-20,15.52,15.70,15.24,15.54,289500,13.66
2011-10-19,15.61,15.88,15.49,15.56,315500,13.68
2011-10-18,15.44,15.75,15.19,15.65,484400,13.76
2011-10-17,15.58,15.73,15.34,15.42,467400,13.56
2011-10-14,15.67,15.89,15.54,15.58,669700,13.70
2011-10-13,15.39,15.56,15.18,15.52,441700,13.65
2011-10-12,15.56,15.62,15.30,15.40,749100,13.54
2011-10-11,15.14,15.44,15.05,15.29,424700,13.44
2011-10-10,15.05,15.28,14.98,15.19,174900,13.36
2011-10-07,14.98,15.15,14.73,14.79,307200,13.01
2011-10-06,14.67,15.00,14.63,15.00,410800,13.19
2011-10-05,14.41,14.74,14.16,14.70,414300,12.93
2011-10-04,13.40,14.46,13.37,14.41,613900,12.67
2011-10-03,14.30,14.43,13.61,13.61,590300,11.97
2011-09-30,14.38,14.62,14.20,14.39,801700,12.65
2011-09-29,14.95,15.00,14.25,14.54,513300,12.79
2011-09-28,15.36,15.37,14.78,14.78,500800,13.00
2011-09-27,15.18,15.63,15.13,15.33,337400,13.48
2011-09-26,14.92,15.18,14.67,15.01,416800,13.20
2011-09-23,14.87,14.98,14.60,14.81,998200,13.02
2011-09-22,15.30,15.46,14.88,14.89,1374200,13.09
2011-09-21,15.76,15.94,15.61,15.61,385100,13.73
2011-09-20,15.98,16.15,15.74,15.77,302300,13.87
2011-09-19,16.02,16.08,15.80,15.98,213700,14.05
2011-09-16,16.33,16.51,16.25,16.28,456600,14.32
2011-09-15,16.12,16.39,16.02,16.29,522700,14.32
2011-09-14,15.98,16.11,15.75,16.00,539900,14.07
2011-09-13,15.84,15.96,15.53,15.86,513700,13.95
2011-09-12,15.40,15.87,15.34,15.84,1404900,13.93
2011-09-09,15.47,15.78,15.35,15.61,679100,13.73
2011-09-08,15.76,15.86,15.60,15.67,510400,13.78
2011-09-07,15.66,15.82,15.51,15.79,773600,13.88
2011-09-06,15.51,15.60,15.34,15.49,696900,13.62
2011-09-02,16.19,16.19,15.86,15.90,352900,13.98
2011-09-01,16.66,16.70,16.38,16.44,422200,14.46
2011-08-31,16.77,16.82,16.42,16.57,912200,14.57
2011-08-30,16.02,16.93,16.02,16.72,1953000,14.70
2011-08-29,15.96,16.19,15.80,16.01,1242500,14.08
2011-08-26,15.61,15.95,15.49,15.88,356800,13.96
2011-08-25,16.34,16.42,15.61,15.70,609700,13.81
2011-08-24,15.82,16.42,15.82,16.25,1856200,14.29
2011-08-23,15.45,15.86,15.29,15.80,658400,13.89
2011-08-22,15.39,15.63,15.28,15.38,606700,13.52
2011-08-19,15.13,15.62,14.97,15.07,554300,13.25
2011-08-18,15.41,15.42,14.90,15.16,689100,13.33
2011-08-17,16.08,16.34,15.66,15.79,339400,13.88
2011-08-16,15.88,16.11,15.74,16.08,470700,14.14
2011-08-15,15.98,16.05,15.83,16.04,273900,14.10
2011-08-12,15.73,16.18,15.60,15.89,904600,13.97
2011-08-11,15.35,15.89,15.35,15.57,1128300,13.69
2011-08-10,15.80,15.97,15.22,15.26,1110000,13.42
2011-08-09,15.96,16.15,15.32,16.12,1542800,14.17
2011-08-08,16.00,16.11,15.69,15.78,2402500,13.88
2011-08-05,16.24,16.41,15.76,16.36,1184700,14.39
2011-08-04,16.52,16.89,16.03,16.08,493500,14.14
2011-08-03,17.09,17.46,16.43,16.71,693000,14.69
2011-08-02,16.36,16.71,16.09,16.11,538900,14.17
2011-08-01,16.78,16.78,16.36,16.53,351500,14.54
2011-07-29,16.65,16.77,16.44,16.50,332800,14.51
2011-07-28,16.74,16.95,16.61,16.79,204300,14.76
2011-07-27,16.98,16.98,16.58,16.78,430700,14.75
2011-07-26,17.19,17.26,16.97,17.00,486100,14.95
2011-07-25,17.41,17.47,17.15,17.15,423400,15.08
2011-07-22,17.45,17.60,17.37,17.51,233100,15.40
2011-07-21,17.62,17.66,17.35,17.42,736300,15.32
2011-07-20,17.81,17.85,17.53,17.56,484400,15.44
2011-07-19,17.54,17.88,17.47,17.70,545400,15.56
2011-07-18,17.58,17.59,17.13,17.38,355500,15.28
2011-07-15,17.72,17.78,17.52,17.65,282200,15.52
2011-07-14,17.49,17.78,17.49,17.60,1070100,15.48
2011-07-13,17.61,17.70,17.40,17.47,507400,15.36
2011-07-12,17.43,17.49,17.24,17.47,387000,15.36
2011-07-11,17.49,17.61,17.36,17.41,590800,15.31
2011-07-08,17.62,17.79,17.48,17.67,371700,15.54
2011-07-07,17.94,18.16,17.67,17.79,440600,15.64
2011-07-06,17.45,17.86,17.33,17.83,689400,15.68
2011-07-05,17.31,17.56,17.12,17.55,508600,15.43
2011-07-01,17.18,17.42,16.98,17.39,451300,15.29
2011-06-30,17.15,17.31,17.08,17.24,499700,15.16
2011-06-29,17.10,17.39,16.96,17.08,719000,15.02
2011-06-28,16.75,17.26,16.62,17.08,841400,15.02
2011-06-27,16.26,16.62,16.22,16.52,677200,14.53
2011-06-24,16.25,16.45,16.07,16.34,3848700,14.37
2011-06-23,16.20,16.38,16.00,16.21,595200,14.25
2011-06-22,15.96,16.55,15.83,16.30,1000900,14.33
2011-06-21,15.79,16.24,15.71,16.05,619900,14.11
2011-06-20,15.40,15.75,15.30,15.70,466700,13.81
2011-06-17,15.64,15.66,15.47,15.50,439100,13.63
2011-06-16,15.37,15.67,15.33,15.49,738200,13.62
2011-06-15,15.69,15.85,15.21,15.34,639200,13.49
2011-06-14,15.70,15.91,15.58,15.83,535700,13.92
2011-06-13,15.26,15.68,15.17,15.57,1085000,13.69
2011-06-10,15.06,15.35,14.69,15.24,593300,13.40
2011-06-09,15.21,15.38,14.91,15.13,424900,13.30
2011-06-08,15.50,15.75,15.14,15.26,1283300,13.42
2011-06-07,15.16,15.29,14.84,15.17,594200,13.34
2011-06-06,15.46,15.56,15.13,15.15,627400,13.32
2011-06-03,15.84,15.84,15.36,15.53,582000,13.66
2011-06-02,15.95,16.02,15.52,15.56,571200,13.68
2011-06-01,15.95,16.19,15.92,15.96,667600,14.03
2011-05-31,16.08,16.20,15.81,16.02,4524700,14.09
2011-05-27,15.92,16.02,15.84,15.93,507300,14.01
2011-05-26,16.11,16.11,15.89,15.95,497600,14.03
2011-05-25,16.01,16.31,15.90,16.25,648700,14.29
2011-05-24,16.33,16.38,16.06,16.12,573900,14.17
2011-05-23,16.35,16.41,16.17,16.21,374700,14.25
2011-05-20,16.80,16.86,16.43,16.63,564300,14.62
2011-05-19,17.10,17.10,16.59,16.75,976200,14.73
2011-05-18,16.83,17.14,16.83,16.94,511200,14.90
2011-05-17,16.76,16.93,16.51,16.88,631600,14.84
2011-05-16,17.38,17.38,16.78,16.88,797200,14.84
2011-05-13,17.23,17.33,16.96,16.99,887500,14.94
2011-05-12,17.25,17.34,17.09,17.33,1000000,15.24
2011-05-11,17.31,17.97,17.18,17.26,1153900,15.18
2011-05-10,17.47,17.47,16.68,17.04,764900,14.98
2011-05-09,16.45,16.61,16.28,16.60,598900,14.60
2011-05-06,16.41,16.58,16.12,16.46,782900,14.47
2011-05-05,16.22,16.23,15.49,15.89,893900,13.97
2011-05-04,16.01,16.36,15.90,16.17,2147600,14.22
2011-05-03,16.05,16.18,15.80,15.93,778800,14.01
2011-05-02,16.17,16.20,16.10,16.16,400100,14.21
2011-04-29,16.02,16.12,15.95,16.09,570000,14.15
2011-04-28,15.99,16.05,15.92,15.99,425100,14.06
2011-04-27,15.71,16.15,15.68,16.06,628500,14.12
2011-04-26,15.48,15.71,15.40,15.68,457500,13.79
2011-04-25,15.36,15.49,15.21,15.48,487800,13.61
2011-04-21,15.41,15.58,15.16,15.47,317400,13.60
2011-04-20,15.20,15.44,15.18,15.28,620200,13.44
2011-04-19,15.33,15.41,15.00,15.09,520100,13.27
2011-04-18,15.08,15.43,15.08,15.27,575100,13.43
2011-04-15,15.48,15.57,15.21,15.28,913400,13.44
2011-04-14,15.55,15.72,15.51,15.60,797300,13.72
2011-04-13,15.70,15.71,15.58,15.69,579800,13.80
2011-04-12,15.69,15.76,15.40,15.66,1149500,13.77
2011-04-11,15.66,15.93,15.63,15.80,1030300,13.89
2011-04-08,15.73,15.81,15.58,15.70,634000,13.81
2011-04-07,15.56,15.80,15.41,15.65,1320600,13.76
2011-04-06,15.03,15.67,15.03,15.56,1160600,13.68
2011-04-05,14.55,14.79,14.42,14.76,508800,12.98
2011-04-04,14.41,14.63,14.39,14.51,579100,12.76
2011-04-01,14.50,14.63,14.22,14.43,908100,12.69
2011-03-31,14.39,14.53,14.34,14.48,284800,12.73
2011-03-30,14.40,14.56,14.27,14.39,238600,12.65
2011-03-29,14.16,14.51,14.01,14.29,413300,12.57
2011-03-28,14.25,14.31,14.13,14.19,458700,12.48
2011-03-25,14.13,14.38,14.06,14.20,343200,12.49
2011-03-24,14.18,14.19,13.98,14.03,399500,12.34
2011-03-23,13.82,14.27,13.71,14.11,997100,12.41
2011-03-22,13.26,13.88,13.22,13.81,633300,12.14
2011-03-21,13.32,13.50,13.24,13.27,522700,11.67
2011-03-18,13.29,13.38,13.14,13.19,635100,11.60
2011-03-17,13.27,13.34,13.09,13.12,544400,11.54
2011-03-16,13.34,13.47,13.09,13.09,960600,11.51
2011-03-15,13.31,13.66,13.20,13.42,1373400,11.80
2011-03-14,13.56,13.66,13.30,13.63,601100,11.99
2011-03-11,13.43,13.78,13.21,13.71,903300,12.06
2011-03-10,13.80,14.00,13.51,13.53,773500,11.90
2011-03-09,13.96,14.03,13.83,13.89,594400,12.21
2011-03-08,13.79,14.05,13.69,14.00,2202800,12.31
2011-03-07,13.83,13.83,13.61,13.75,784200,12.09
2011-03-04,13.92,13.92,13.62,13.77,966500,12.11
2011-03-03,13.99,14.01,13.80,13.87,982000,12.20
2011-03-02,13.57,13.93,13.41,13.80,3136700,12.13
2011-03-01,14.08,14.08,13.49,13.51,880400,11.88
2011-02-28,14.09,14.09,13.83,13.95,1064800,12.27
2011-02-25,13.83,14.12,13.77,14.00,1373500,12.31
2011-02-24,13.78,13.86,13.54,13.75,590500,12.09
2011-02-23,14.07,14.07,13.65,13.77,700600,12.11
2011-02-22,14.46,14.70,13.97,14.00,783600,12.31
2011-02-18,14.73,14.77,14.47,14.59,332600,12.83
2011-02-17,14.44,14.78,14.43,14.71,394400,12.93
2011-02-16,14.56,14.60,14.47,14.54,609800,12.79
2011-02-15,14.52,14.64,14.42,14.49,379400,12.74
2011-02-14,14.60,14.65,14.41,14.53,471300,12.78
2011-02-11,14.30,14.71,14.21,14.54,725600,12.79
2011-02-10,14.37,14.51,14.20,14.41,1380800,12.67
2011-02-09,15.22,15.37,14.49,14.51,1320200,12.76
2011-02-08,15.44,15.57,15.33,15.37,1686900,13.52
2011-02-07,15.24,16.22,15.23,15.49,1799500,13.62
2011-02-04,15.38,15.48,15.18,15.29,675800,13.44
2011-02-03,15.21,15.41,15.18,15.34,744900,13.49
2011-02-02,15.31,15.38,15.00,15.28,874700,13.44
2011-02-01,15.20,15.37,15.10,15.31,997200,13.46
2011-01-31,15.19,15.20,14.99,15.13,944500,13.30
2011-01-28,15.31,15.36,14.88,15.00,573600,13.19
2011-01-27,15.60,15.60,15.18,15.22,1087200,13.38
2011-01-26,15.20,15.63,15.08,15.60,563900,13.72
2011-01-25,14.76,15.16,14.60,15.16,575400,13.33
2011-01-24,14.56,14.91,14.41,14.78,879000,13.00
2011-01-21,14.80,15.03,14.43,14.56,620800,12.80
2011-01-20,14.91,14.94,14.70,14.77,459400,12.99
2011-01-19,15.01,15.08,14.75,14.99,636300,13.18
2011-01-18,15.24,15.24,14.81,14.97,1415200,13.16
2011-01-14,15.15,15.32,15.08,15.18,580300,13.35
2011-01-13,15.31,15.50,14.94,15.19,1281900,13.36
2011-01-12,15.54,15.79,15.49,15.67,260800,13.78
2011-01-11,15.34,15.60,15.30,15.50,232600,13.63
2011-01-10,14.98,15.30,14.96,15.30,386700,13.45
2011-01-07,14.80,15.14,14.57,15.10,1390100,13.28
2011-01-06,15.36,15.36,14.66,14.76,1631300,12.98
2011-01-05,15.37,15.51,15.11,15.22,985300,13.38
2011-01-04,15.41,15.64,15.36,15.48,1150600,13.61
2011-01-03,15.37,15.53,15.28,15.47,743300,13.60
2010-12-31,15.33,15.45,15.15,15.20,287700,13.37
2010-12-30,15.42,15.47,15.29,15.38,292000,13.52
2010-12-29,15.43,15.47,15.26,15.40,380600,13.54
2010-12-28,15.44,15.46,15.16,15.41,447400,13.55
2010-12-27,15.23,15.73,15.08,15.44,485800,13.58
2010-12-23,15.20,15.29,15.12,15.23,630600,13.39
2010-12-22,15.22,15.31,14.99,15.22,448600,13.38
2010-12-21,15.00,15.30,14.95,15.15,561500,13.32
2010-12-20,15.14,15.30,14.92,14.99,509500,13.18
2010-12-17,14.98,15.25,14.86,15.12,616000,13.30
2010-12-16,14.88,14.95,14.70,14.91,584300,13.11
2010-12-15,14.88,15.05,14.80,14.90,493200,13.10
2010-12-14,14.81,15.17,14.81,14.95,427400,13.15
2010-12-13,15.04,15.04,14.69,14.82,665800,13.03
2010-12-10,15.00,15.10,14.78,14.95,416700,13.15
2010-12-09,15.00,15.10,14.79,15.02,435700,13.21
2010-12-08,14.91,15.02,14.66,14.95,549400,13.15
2010-12-07,14.86,15.00,14.80,14.90,805900,13.10
2010-12-06,14.68,14.94,14.54,14.84,653600,13.05
2010-12-03,14.52,14.87,14.49,14.81,555400,13.02
2010-12-02,14.51,14.71,14.38,14.59,571900,12.83
2010-12-01,14.09,14.51,14.02,14.50,855100,12.75
2010-11-30,14.35,14.36,13.88,13.92,1129900,12.24
2010-11-29,14.06,14.50,14.00,14.45,1038300,12.71
2010-11-26,14.12,14.31,14.03,14.13,121000,12.42
2010-11-24,14.15,14.52,14.15,14.29,514600,12.57
2010-11-23,14.28,14.30,14.04,14.15,254400,12.44
2010-11-22,14.39,14.50,14.28,14.41,745300,12.67
2010-11-19,14.54,14.54,14.26,14.42,324500,12.68
2010-11-18,14.36,14.70,14.20,14.53,1231700,12.78
2010-11-17,14.48,14.63,14.11,14.21,771700,12.50
2010-11-16,14.52,14.55,14.07,14.43,1014600,12.69
2010-11-15,14.59,14.73,14.51,14.55,365800,12.79
2010-11-12,14.75,14.76,14.41,14.51,436100,12.76
2010-11-11,14.97,15.09,14.62,14.81,473100,13.02
2010-11-10,15.36,15.36,14.81,15.11,612900,13.29
2010-11-09,15.34,15.50,15.22,15.37,788200,13.52
2010-11-08,15.39,15.47,15.14,15.29,596700,13.44
2010-11-05,15.59,15.70,15.25,15.37,495800,13.52
2010-11-04,16.05,16.17,15.47,15.58,665400,13.70
2010-11-03,15.74,15.82,15.50,15.82,513000,13.91
2010-11-02,15.39,15.79,15.32,15.74,679100,13.84
2010-11-01,15.87,15.89,15.19,15.27,1315100,13.43
2010-10-29,15.61,16.04,15.39,15.90,1217400,13.98
2010-10-28,14.97,16.16,14.84,15.64,2133200,13.75
2010-10-27,16.24,16.55,16.21,16.48,581600,14.49
2010-10-26,16.22,16.84,16.10,16.33,932300,14.36
2010-10-25,16.63,16.64,16.08,16.29,1246400,14.32
2010-10-22,16.80,16.95,16.63,16.94,244600,14.90
2010-10-21,16.97,17.00,16.37,16.85,931000,14.82
2010-10-20,17.55,17.58,16.75,16.85,868000,14.82
2010-10-19,17.74,17.79,16.85,17.62,1787200,15.49
2010-10-18,18.20,18.41,18.15,18.30,1219100,16.09
2010-10-15,18.71,18.71,18.20,18.23,231800,16.03
2010-10-14,18.25,18.66,18.20,18.50,601200,16.27
2010-10-13,18.00,18.30,17.99,18.25,363300,16.05
2010-10-12,17.88,18.00,17.58,17.97,163100,15.80
2010-10-11,18.16,18.16,17.87,17.90,275300,15.74
2010-10-08,17.98,18.20,17.92,18.16,177600,15.97
2010-10-07,18.00,18.01,17.84,17.93,389400,15.77
2010-10-06,17.87,17.98,17.77,17.95,324300,15.78
2010-10-05,17.74,17.98,17.69,17.93,407600,15.77
2010-10-04,17.87,17.87,17.55,17.65,416000,15.52
2010-10-01,17.79,17.99,17.69,17.81,710300,15.66
2010-09-30,17.38,17.77,17.32,17.73,602900,15.59
2010-09-29,17.38,17.50,17.28,17.32,237700,15.23
2010-09-28,17.15,17.43,17.01,17.41,195200,15.31
2010-09-27,17.30,17.39,17.14,17.16,171900,15.09
2010-09-24,17.00,17.38,16.99,17.32,364400,15.23
2010-09-23,16.79,17.13,16.72,16.86,360200,14.83
2010-09-22,17.03,17.12,16.79,16.91,438300,14.87
2010-09-21,17.25,17.38,16.99,17.05,512300,14.99
2010-09-20,17.62,18.07,17.04,17.25,1499900,15.17
2010-09-17,16.12,16.55,16.06,16.53,557400,14.54
2010-09-16,15.97,16.21,15.89,16.08,1104600,14.14
2010-09-15,16.80,18.39,15.72,16.03,5094900,14.10
2010-09-14,16.14,16.18,15.94,15.96,374800,14.03
2010-09-13,15.82,16.17,15.79,16.15,528000,14.20
2010-09-10,15.54,15.76,15.42,15.65,477100,13.76
2010-09-09,15.44,15.54,15.22,15.51,723700,13.64
2010-09-08,15.21,15.37,14.93,15.34,573300,13.49
2010-09-07,14.91,15.07,14.70,15.03,587500,13.22
2010-09-03,14.73,15.01,14.60,15.00,470700,13.19
2010-09-02,14.40,14.72,14.33,14.67,243300,12.90
2010-09-01,14.18,14.39,14.16,14.36,234100,12.63
2010-08-31,14.05,14.24,13.93,13.99,538000,12.30
2010-08-30,14.08,14.38,13.98,14.04,658800,12.35
2010-08-27,13.85,14.16,13.68,14.14,453800,12.43
2010-08-26,13.82,13.93,13.71,13.79,361200,12.13
2010-08-25,13.39,13.83,13.35,13.80,463800,12.13
2010-08-24,13.38,13.89,13.22,13.50,744300,11.87
2010-08-23,13.55,13.66,13.46,13.52,282200,11.89
2010-08-20,13.84,13.84,13.47,13.55,515200,11.91
2010-08-19,13.93,14.05,13.76,13.86,705800,12.19
2010-08-18,13.91,14.00,13.81,13.96,479800,12.28
2010-08-17,14.00,14.03,13.81,13.94,655100,12.26
2010-08-16,13.85,13.94,13.67,13.90,465000,12.22
2010-08-13,14.06,14.18,13.91,13.94,866000,12.26
2010-08-12,14.12,14.19,13.97,14.02,785700,12.33
2010-08-11,14.66,14.73,14.32,14.35,382400,12.62
2010-08-10,14.98,15.10,14.84,14.85,267600,13.06
2010-08-09,14.91,15.15,14.87,15.05,318800,13.23
2010-08-06,14.89,14.93,14.67,14.80,459400,13.01
2010-08-05,14.96,15.07,14.84,14.99,184700,13.18
2010-08-04,15.14,15.31,14.94,15.02,285700,13.21
2010-08-03,15.28,15.31,15.10,15.13,517500,13.30
2010-08-02,15.15,15.32,15.06,15.30,889200,13.45
2010-07-30,14.35,15.33,14.35,15.07,823200,13.25
2010-07-29,15.80,15.80,14.94,15.00,629700,13.19
2010-07-28,15.83,15.83,15.27,15.34,363100,13.49
2010-07-27,15.96,16.00,15.69,15.83,247500,13.92
2010-07-26,15.91,16.12,15.70,16.00,179800,14.07
2010-07-23,15.40,15.90,15.34,15.87,565900,13.95
2010-07-22,15.34,15.58,15.32,15.46,482800,13.59
2010-07-21,15.47,15.53,15.00,15.16,772400,13.33
2010-07-20,15.03,15.31,14.81,15.29,403300,13.44
2010-07-19,15.28,15.41,15.03,15.14,494700,13.31
2010-07-16,15.56,15.59,15.21,15.27,528100,13.43
2010-07-15,15.58,15.67,15.37,15.63,444200,13.74
2010-07-14,15.50,15.76,15.47,15.58,1060900,13.70
2010-07-13,15.76,15.76,15.57,15.60,513100,13.72
2010-07-12,15.50,15.62,15.40,15.61,424600,13.73
2010-07-09,15.31,15.63,15.19,15.52,649500,13.65
2010-07-08,15.65,15.70,15.23,15.31,1913200,13.46
2010-07-07,15.16,15.54,15.09,15.50,796800,13.63
2010-07-06,15.56,15.69,15.11,15.17,529900,13.34
2010-07-02,15.55,15.62,15.47,15.51,579400,13.64
2010-07-01,15.51,15.64,15.45,15.55,1322000,13.67
2010-06-30,15.65,15.78,15.47,15.53,634800,13.66
2010-06-29,15.87,15.90,15.54,15.63,520000,13.74
2010-06-28,16.42,16.46,16.11,16.19,310400,14.24
2010-06-25,16.33,16.52,16.19,16.24,403800,14.28
2010-06-24,16.29,16.44,16.15,16.24,445900,14.28
2010-06-23,16.82,16.82,16.34,16.42,685400,14.44
2010-06-22,17.05,17.36,16.73,16.74,428400,14.72
2010-06-21,17.33,17.54,17.00,17.05,450500,14.99
2010-06-18,16.87,17.32,16.85,17.21,814000,15.13
2010-06-17,17.21,17.21,16.74,16.87,652600,14.83
2010-06-16,17.16,17.22,16.99,17.10,562300,15.04
2010-06-15,17.07,17.24,16.97,17.17,553100,15.10
2010-06-14,17.38,17.38,16.81,17.03,920200,14.97
2010-06-11,17.13,17.45,17.02,17.26,525400,15.18
2010-06-10,17.06,17.20,16.90,17.20,264400,15.12
2010-06-09,16.60,17.30,16.54,16.76,501600,14.74
2010-06-08,16.43,16.53,16.19,16.53,558400,14.54
2010-06-07,16.89,17.00,16.41,16.44,442000,14.46
2010-06-04,17.28,17.50,16.88,16.90,509900,14.86
2010-06-03,17.18,17.50,17.18,17.40,884900,15.30
2010-06-02,16.79,17.29,16.67,17.29,807200,15.20
2010-06-01,16.70,17.21,16.63,16.79,889100,14.76
2010-05-28,16.41,17.04,16.34,16.89,885700,14.85
2010-05-27,16.18,16.43,16.14,16.41,317400,14.43
2010-05-26,15.85,16.44,15.80,15.90,518700,13.98
2010-05-25,15.46,15.74,15.36,15.70,569700,13.81
2010-05-24,15.95,16.11,15.82,15.83,425900,13.92
2010-05-21,15.64,16.11,15.64,15.91,1357100,13.99
2010-05-20,15.48,16.00,15.48,15.75,807900,13.85
2010-05-19,16.20,16.25,15.73,15.92,692800,14.00
2010-05-18,16.26,16.57,16.26,16.33,962400,14.36
2010-05-17,16.39,16.43,15.91,16.24,321800,14.28
2010-05-14,16.34,16.42,16.07,16.33,761400,14.36
2010-05-13,16.25,16.71,16.11,16.51,725700,14.52
2010-05-12,16.21,16.27,15.94,16.16,477500,14.21
2010-05-11,16.15,16.21,15.80,16.02,332200,14.09
2010-05-10,15.94,16.32,15.75,16.22,862200,14.26
2010-05-07,15.82,15.82,15.31,15.48,1951800,13.61
2010-05-06,16.41,16.55,14.62,15.94,1037000,14.02
2010-05-05,16.29,16.61,16.08,16.48,699500,14.49
2010-05-04,16.80,16.80,16.41,16.50,775300,14.51
2010-05-03,16.97,17.10,16.74,16.89,890300,14.85
2010-04-30,17.16,17.33,16.46,16.88,1910900,14.84
2010-04-29,17.27,17.28,16.84,17.08,2198400,15.02
2010-04-28,17.45,17.53,17.18,17.53,908900,15.41
2010-04-27,17.26,17.60,17.25,17.34,769100,15.25
2010-04-26,17.12,17.77,16.89,17.40,1316300,15.30
2010-04-23,17.46,17.66,17.24,17.25,1281300,15.17
2010-04-22,17.28,17.50,17.13,17.48,332900,15.37
2010-04-21,17.50,17.50,17.04,17.29,1152100,15.20
2010-04-20,17.61,17.63,17.24,17.40,1135300,15.30
2010-04-19,17.48,17.58,17.24,17.44,835700,15.34
2010-04-16,17.91,17.96,17.30,17.50,1192000,15.39
2010-04-15,18.05,18.30,17.82,17.83,1026600,15.68
2010-04-14,17.79,18.05,17.79,17.99,815500,15.82
2010-04-13,17.73,17.93,17.47,17.76,633800,15.62
2010-04-12,17.63,17.87,17.55,17.84,355000,15.67
2010-04-09,17.76,17.92,17.49,17.63,742400,15.49
2010-04-08,17.72,17.96,17.50,17.85,1251600,15.68
2010-04-07,17.33,17.80,17.23,17.74,1488900,15.59
2010-04-06,16.95,17.49,16.70,17.29,978100,15.19
2010-04-05,17.07,17.64,17.06,17.59,1125000,15.45
2010-04-01,16.89,17.15,16.87,17.01,1068400,14.94
2010-03-31,16.81,16.90,16.52,16.77,1006700,14.73
2010-03-30,16.48,17.10,16.31,16.95,2129800,14.89
2010-03-29,15.74,16.53,15.70,16.53,2050500,14.52
2010-03-26,15.48,15.69,15.45,15.67,1486100,13.77
2010-03-25,15.53,15.60,15.48,15.48,1099900,13.60
2010-03-24,15.40,15.53,15.40,15.53,732400,13.64
2010-03-23,15.49,15.52,15.30,15.49,769300,13.61
2010-03-22,15.40,15.55,15.24,15.45,1223600,13.57
2010-03-19,15.34,15.51,15.23,15.50,10780600,13.62
2010-03-18,15.38,15.46,14.76,15.13,1445300,13.29
2010-03-17,14.82,15.54,14.65,15.45,1319900,13.57
2010-03-16,15.16,15.40,14.76,14.91,1807400,13.10
2010-03-15,16.09,16.13,15.79,15.98,1138400,14.04
2010-03-12,15.83,16.25,15.72,16.25,595300,14.28
2010-03-11,15.55,15.94,15.44,15.79,250500,13.87
2010-03-10,15.68,15.80,15.45,15.71,352500,13.80
2010-03-09,15.80,15.84,15.60,15.79,150900,13.87
2010-03-08,15.55,15.84,15.51,15.84,424000,13.92
2010-03-05,15.25,15.61,15.13,15.58,417000,13.69
2010-03-04,14.96,15.26,14.96,15.20,332300,13.35
2010-03-03,14.94,15.13,14.82,15.02,355000,13.20
2010-03-02,14.95,15.09,14.74,15.00,270000,13.18
2010-03-01,15.03,15.07,14.95,15.00,473400,13.18
2010-02-26,14.98,15.14,14.71,15.09,180700,13.26
2010-02-25,14.93,15.07,14.86,15.00,386500,13.18
2010-02-24,15.15,15.25,15.09,15.14,207800,13.30
2010-02-23,15.37,15.48,15.09,15.19,409300,13.35
2010-02-22,15.40,15.65,15.30,15.48,580000,13.60
2010-02-19,15.40,15.53,15.34,15.50,436500,13.62
2010-02-18,15.30,15.49,15.08,15.46,278000,13.58
2010-02-17,15.38,15.50,15.15,15.49,378300,13.61
2010-02-16,15.49,15.49,15.25,15.41,433900,13.54
2010-02-12,14.99,15.45,14.99,15.44,687100,13.57
2010-02-11,14.76,15.36,14.53,15.16,560500,13.32
2010-02-10,14.57,14.88,14.33,14.75,366500,12.96
2010-02-09,14.75,14.75,14.33,14.63,407200,12.85
2010-02-08,14.55,14.60,14.20,14.45,405200,12.70
2010-02-05,14.67,14.69,13.30,14.48,930400,12.72
2010-02-04,14.77,15.00,14.52,14.65,283300,12.87
2010-02-03,14.84,15.05,14.64,14.98,261100,13.16
2010-02-02,14.78,14.87,14.56,14.85,273700,13.05
2010-02-01,14.25,14.77,14.25,14.67,360400,12.89
2010-01-29,14.14,14.18,13.84,13.87,226400,12.19
2010-01-28,14.17,14.28,14.03,14.14,269700,12.42
2010-01-27,14.15,14.21,13.92,14.21,144200,12.48
2010-01-26,14.01,14.13,13.90,14.10,165200,12.39
2010-01-25,14.05,14.16,13.85,14.01,132800,12.31
2010-01-22,14.17,14.24,13.57,13.96,255500,12.26
2010-01-21,14.89,14.89,14.36,14.50,290700,12.74
2010-01-20,15.07,15.07,14.72,14.81,117000,13.01
2010-01-19,15.04,15.36,14.92,15.05,478700,13.22
2010-01-15,15.35,15.38,15.11,15.13,128200,13.29
2010-01-14,14.97,15.49,14.90,15.35,402200,13.49
2010-01-13,14.87,15.00,14.79,14.97,153600,13.15
2010-01-12,14.88,14.94,14.78,14.86,214200,13.06
2010-01-11,14.97,15.09,14.72,15.00,225200,13.18
2010-01-08,15.06,15.11,14.68,14.77,428900,12.98
2010-01-07,15.26,15.34,14.98,15.21,355400,13.36
2010-01-06,15.09,15.38,14.95,15.30,721500,13.44
2010-01-05,14.92,15.08,14.89,15.07,245400,13.24
2010-01-04,14.90,14.96,14.20,14.91,291300,13.10
2009-12-31,15.06,15.16,14.90,14.90,200000,13.09
2009-12-30,15.11,15.23,14.96,15.21,212700,13.36
2009-12-29,14.83,15.10,14.82,15.06,186400,13.23
2009-12-28,14.92,14.96,14.83,14.95,135200,13.13
2009-12-24,14.96,15.00,14.72,14.78,60300,12.99
2009-12-23,15.00,15.18,14.80,15.02,521100,13.20
2009-12-22,14.28,14.98,14.27,14.98,722400,13.16
2009-12-21,14.17,14.29,14.00,14.28,327000,12.55
2009-12-18,14.01,14.27,13.95,14.27,393800,12.54
2009-12-17,14.15,14.22,13.84,13.84,265900,12.16
2009-12-16,14.19,14.21,14.05,14.12,258700,12.41
2009-12-15,14.25,14.25,14.07,14.17,324900,12.45
2009-12-14,14.24,14.29,13.91,14.20,590000,12.48
2009-12-11,13.86,14.10,13.86,14.03,401500,12.33
2009-12-10,13.50,13.77,13.43,13.77,450700,12.10
2009-12-09,13.37,13.52,13.20,13.49,283500,11.85
2009-12-08,13.58,13.59,13.21,13.27,247700,11.66
2009-12-07,13.47,13.70,13.36,13.70,231600,12.04
2009-12-04,13.53,13.53,13.24,13.44,171900,11.81
2009-12-03,13.54,13.56,13.33,13.33,317300,11.71
2009-12-02,13.34,13.63,13.34,13.45,344500,11.82
2009-12-01,13.00,13.53,12.90,13.45,538100,11.82
2009-11-30,13.36,13.36,12.88,12.98,577500,11.40
2009-11-27,13.09,13.47,13.05,13.44,159600,11.81
2009-11-25,13.48,13.54,13.37,13.45,159300,11.82
2009-11-24,13.45,13.61,13.28,13.50,432600,11.86
2009-11-23,13.40,13.46,13.31,13.43,357400,11.80
2009-11-20,13.50,13.50,13.13,13.35,243000,11.73
2009-11-19,13.81,13.81,13.42,13.44,241900,11.81
2009-11-18,13.62,13.85,13.58,13.81,564200,12.13
2009-11-17,13.76,13.80,13.46,13.73,337600,12.06
2009-11-16,13.63,13.87,13.61,13.82,538700,12.14
2009-11-13,13.72,13.75,13.47,13.75,415000,12.08
2009-11-12,13.78,13.99,13.76,13.77,275000,12.10
2009-11-11,13.97,14.00,13.80,13.93,140600,12.24
2009-11-10,14.07,14.07,13.90,13.97,375200,12.27
2009-11-09,14.07,14.07,13.82,13.99,533000,12.29
2009-11-06,13.77,13.99,13.69,13.97,802300,12.27
2009-11-05,13.09,13.99,13.09,13.97,910200,12.27
2009-11-04,12.15,13.04,12.08,13.00,803200,11.42
2009-11-03,12.05,12.14,11.97,12.14,146200,10.67
2009-11-02,11.84,12.04,11.84,12.03,286800,10.57
2009-10-30,11.95,11.96,11.79,11.91,513800,10.46
2009-10-29,11.75,11.96,11.70,11.95,156400,10.50
2009-10-28,11.70,11.80,11.66,11.75,287500,10.32
2009-10-27,11.65,11.84,11.59,11.76,1703300,10.33
2009-10-26,11.75,11.77,11.54,11.59,372200,10.18
2009-10-23,11.63,11.75,11.62,11.74,922700,10.31
2009-10-22,11.68,11.76,11.44,11.65,629300,10.24
2009-10-21,11.20,11.80,11.17,11.73,561400,10.31
2009-10-20,11.27,11.33,11.04,11.26,730800,9.89
2009-10-19,11.59,11.79,11.22,11.29,685700,9.92
2009-10-16,11.56,11.69,11.39,11.58,250900,10.17
2009-10-15,11.70,11.76,11.68,11.72,78800,10.30
2009-10-14,11.73,11.79,11.57,11.73,684000,10.31
2009-10-13,11.72,11.72,11.53,11.58,168400,10.17
2009-10-12,11.94,12.00,11.69,11.69,280100,10.27
2009-10-09,12.00,12.08,11.82,11.86,315700,10.42
2009-10-08,12.10,12.19,11.96,12.10,221900,10.63
2009-10-07,12.07,12.11,11.91,11.98,159600,10.53
2009-10-06,12.15,12.21,12.07,12.15,325400,10.67
2009-10-05,12.11,12.17,12.01,12.07,200000,10.60
2009-10-02,11.96,12.10,11.85,12.00,833100,10.54
2009-10-01,12.10,12.36,11.87,12.08,325200,10.61
2009-09-30,12.29,12.37,12.02,12.30,429000,10.81
2009-09-29,12.31,12.43,12.25,12.34,403400,10.84
2009-09-28,12.34,12.50,12.25,12.29,193700,10.80
2009-09-25,12.19,12.32,12.07,12.23,344000,10.74
2009-09-24,12.35,12.35,12.13,12.21,860200,10.73
2009-09-23,12.25,12.48,12.14,12.24,445300,10.75
2009-09-22,12.03,12.15,11.99,12.13,741300,10.66
2009-09-21,12.03,12.04,11.80,12.03,192100,10.57
2009-09-18,11.97,12.09,11.97,12.00,264700,10.54
2009-09-17,11.78,12.09,11.73,11.92,142800,10.47
2009-09-16,11.92,12.03,11.89,11.98,258100,10.53
2009-09-15,11.78,12.00,11.51,11.95,270400,10.50
2009-09-14,11.78,11.92,11.62,11.68,409700,10.26
2009-09-11,12.17,12.19,11.99,12.00,204300,10.54
2009-09-10,12.00,12.24,12.00,12.19,182500,10.71
2009-09-09,12.24,12.32,11.98,12.01,400200,10.55
2009-09-08,12.24,12.25,11.92,12.19,353000,10.71
2009-09-04,11.92,12.28,11.92,12.22,182600,10.74
2009-09-03,12.24,12.24,11.97,12.06,389500,10.60
2009-09-02,12.67,12.68,12.19,12.20,471300,10.72
2009-09-01,12.52,12.72,12.47,12.69,433700,11.15
2009-08-31,12.62,12.63,12.40,12.63,382700,11.10
2009-08-28,12.76,12.84,12.62,12.75,261200,11.20
2009-08-27,12.54,12.75,12.52,12.66,161100,11.12
2009-08-26,12.66,12.81,12.65,12.72,140800,11.18
2009-08-25,12.92,12.92,12.74,12.78,131900,11.23
2009-08-24,13.07,13.13,12.75,12.82,286400,11.26
2009-08-21,12.67,13.04,12.58,13.03,364800,11.45
2009-08-20,12.72,12.73,12.54,12.68,224100,11.14
2009-08-19,12.27,12.68,12.21,12.64,241500,11.11
2009-08-18,12.30,12.44,12.19,12.44,271100,10.93
2009-08-17,12.54,12.54,12.22,12.27,125600,10.78
2009-08-14,12.83,12.98,12.58,12.69,197800,11.15
2009-08-13,12.60,13.00,12.42,13.00,359000,11.42
2009-08-12,12.38,12.55,12.24,12.49,551400,10.97
2009-08-11,12.02,12.37,12.01,12.37,279400,10.87
2009-08-10,12.53,12.72,12.40,12.65,300800,11.11
2009-08-07,12.37,12.94,12.21,12.60,645300,11.07
2009-08-06,12.68,12.76,12.14,12.24,514900,10.75
2009-08-05,13.25,13.25,12.75,12.82,529400,11.26
2009-08-04,13.83,13.89,12.01,12.97,3499900,11.40
2009-08-03,14.06,14.06,13.61,14.01,212100,12.31
2009-07-31,14.02,14.12,13.91,14.02,145600,12.32
2009-07-30,14.25,14.43,13.80,13.95,473200,12.26
2009-07-29,14.14,14.28,13.72,14.03,324500,12.33
2009-07-28,13.49,14.45,13.49,14.15,689200,12.43
2009-07-27,12.94,13.28,12.83,13.25,270900,11.64
2009-07-24,12.68,13.00,12.66,12.90,250800,11.33
2009-07-23,12.56,12.90,12.32,12.89,141500,11.32
2009-07-22,12.49,12.56,12.27,12.41,796800,10.90
2009-07-21,12.39,12.53,12.32,12.48,373700,10.96
2009-07-20,12.73,12.73,12.28,12.40,346100,10.89
2009-07-17,12.34,12.58,12.10,12.48,375500,10.96
2009-07-16,12.03,12.22,11.86,12.14,115300,10.67
2009-07-15,11.95,12.05,11.92,12.00,94500,10.54
2009-07-14,11.65,11.91,11.55,11.85,111800,10.41
2009-07-13,11.55,11.81,11.35,11.67,244300,10.25
2009-07-10,11.19,11.95,11.15,11.43,596300,10.04
2009-07-09,11.26,11.29,10.99,11.20,360500,9.84
2009-07-08,11.19,11.33,11.07,11.31,255400,9.94
2009-07-07,11.30,11.43,11.22,11.23,151600,9.87
2009-07-06,11.37,11.46,11.16,11.37,231900,9.99
2009-07-02,11.83,11.93,11.41,11.41,142800,10.02
2009-07-01,11.80,12.00,11.54,11.86,389600,10.42
2009-06-30,11.62,11.77,11.24,11.75,770300,10.32
2009-06-29,11.99,12.02,11.52,11.54,1058700,10.14
2009-06-26,11.93,12.05,11.90,11.96,661300,10.51
2009-06-25,11.81,12.10,11.80,11.98,281200,10.53
2009-06-24,11.60,12.11,11.60,11.90,245400,10.45
2009-06-23,11.40,11.67,11.34,11.58,293000,10.17
2009-06-22,11.74,11.74,11.15,11.33,470100,9.95
2009-06-19,11.49,11.95,11.41,11.89,321700,10.45
2009-06-18,11.20,11.55,11.17,11.48,153300,10.09
2009-06-17,10.88,11.23,10.85,11.16,166600,9.80
2009-06-16,11.10,11.35,10.92,10.94,210700,9.61
2009-06-15,11.07,11.14,10.90,11.05,180800,9.71
2009-06-12,11.15,11.26,10.87,11.26,193100,9.89
2009-06-11,10.99,11.35,10.89,11.33,178100,9.95
2009-06-10,11.03,11.29,10.81,11.08,309300,9.73
2009-06-09,11.11,11.14,10.95,11.09,230400,9.74
2009-06-08,11.00,11.15,10.90,11.13,171700,9.78
2009-06-05,11.00,11.14,10.90,11.05,277600,9.71
2009-06-04,10.67,11.01,10.58,10.98,281400,9.65
2009-06-03,10.66,10.84,10.49,10.73,265300,9.43
2009-06-02,10.80,10.89,10.61,10.83,538000,9.51
2009-06-01,10.42,10.80,10.38,10.80,309100,9.49
2009-05-29,10.23,10.46,10.11,10.46,162300,9.19
2009-05-28,10.46,10.50,9.84,10.19,301900,8.95
2009-05-27,10.42,10.62,10.38,10.45,137600,9.18
2009-05-26,10.27,10.57,10.22,10.47,291800,9.20
2009-05-22,10.30,10.60,10.24,10.40,198100,9.14
2009-05-21,10.40,10.54,10.31,10.39,270900,9.13
2009-05-20,10.30,10.65,10.25,10.60,2140400,9.31
2009-05-19,10.13,10.40,10.11,10.29,191600,9.04
2009-05-18,9.85,10.22,9.73,10.21,294600,8.97
2009-05-15,9.50,9.81,9.50,9.65,115300,8.48
2009-05-14,9.79,9.83,9.39,9.50,286900,8.35
2009-05-13,10.10,10.13,9.79,9.81,187100,8.62
2009-05-12,10.01,10.31,10.01,10.08,90900,8.86
2009-05-11,10.00,10.35,10.00,10.18,120800,8.94
2009-05-08,10.87,10.98,10.16,10.30,327900,9.05
2009-05-07,10.74,11.01,10.49,10.80,406600,9.49
2009-05-06,10.60,10.84,10.26,10.69,382100,9.39
2009-05-05,9.18,10.58,9.06,10.50,549900,9.22
2009-05-04,9.15,9.21,8.87,9.14,304700,8.03
2009-05-01,8.89,9.08,8.89,9.01,410000,7.92
2009-04-30,9.26,9.26,8.93,8.96,457100,7.87
2009-04-29,8.86,9.19,8.86,9.15,152400,8.04
2009-04-28,8.80,8.94,8.65,8.86,119600,7.78
2009-04-27,9.11,9.16,8.70,8.84,215600,7.77
2009-04-24,9.18,9.22,9.04,9.17,253700,8.06
2009-04-23,9.20,9.21,8.98,9.14,176100,8.03
2009-04-22,9.10,9.55,9.04,9.17,305800,8.06
2009-04-21,8.64,9.19,8.63,9.19,285900,8.07
2009-04-20,9.08,9.08,8.71,8.73,133200,7.67
2009-04-17,9.27,9.30,9.03,9.18,286100,8.07
2009-04-16,9.06,9.37,9.06,9.35,132200,8.21
2009-04-15,8.85,9.10,8.84,9.08,228400,7.98
2009-04-14,9.06,9.16,8.87,8.97,259400,7.88
2009-04-13,9.31,9.36,9.10,9.22,221900,8.10
2009-04-09,8.93,9.25,8.91,9.25,181700,8.13
2009-04-08,8.63,8.89,8.59,8.89,109700,7.81
2009-04-07,8.81,8.89,8.56,8.64,116100,7.59
2009-04-06,8.90,8.90,8.66,8.72,160200,7.66
2009-04-03,8.76,8.85,8.54,8.85,198000,7.78
2009-04-02,8.75,8.96,8.61,8.76,289100,7.70
2009-04-01,8.75,8.75,8.52,8.63,256400,7.58
2009-03-31,8.50,8.86,8.46,8.86,250500,7.78
2009-03-30,8.23,8.50,8.14,8.47,246200,7.44
2009-03-27,8.06,8.53,8.05,8.48,356800,7.45
2009-03-26,8.20,8.24,8.00,8.24,201900,7.24
2009-03-25,8.01,8.15,7.96,8.11,177700,7.13
2009-03-24,8.14,8.14,8.00,8.05,175700,7.07
2009-03-23,7.86,8.25,7.86,8.08,308100,7.10
2009-03-20,7.87,8.00,7.76,7.86,222700,6.91
2009-03-19,8.08,8.10,7.92,7.97,160100,7.00
2009-03-18,8.07,8.21,7.80,7.96,324500,6.99
2009-03-17,7.84,8.05,7.64,7.98,202600,7.01
2009-03-16,8.23,8.23,7.79,7.81,209600,6.86
2009-03-13,7.99,8.34,7.93,8.17,209900,7.18
2009-03-12,7.61,7.98,7.41,7.96,425100,6.99
2009-03-11,7.60,8.00,7.50,7.70,365100,6.76
2009-03-10,7.25,7.67,7.25,7.67,236300,6.74
2009-03-09,7.38,7.43,7.11,7.25,157800,6.37
2009-03-06,7.52,7.56,7.08,7.40,166500,6.50
2009-03-05,7.55,7.67,7.39,7.53,236700,6.62
2009-03-04,7.86,7.86,7.47,7.57,252000,6.65
2009-03-03,7.99,8.10,7.50,7.75,323500,6.81
2009-03-02,7.78,8.07,7.71,8.00,457400,7.03
2009-02-27,7.75,8.20,7.62,7.92,357800,6.96
2009-02-26,7.94,8.08,7.71,7.78,175300,6.84
2009-02-25,7.90,8.14,7.70,7.76,302200,6.82
2009-02-24,7.94,8.11,7.74,8.10,147300,7.12
2009-02-23,8.42,8.43,7.93,7.93,234300,6.97
2009-02-20,8.11,8.26,7.84,8.26,254800,7.26
2009-02-19,8.56,8.74,7.77,8.05,622900,7.07
2009-02-18,8.00,9.37,7.52,8.54,758300,7.50
2009-02-17,8.56,8.57,8.14,8.21,442700,7.21
2009-02-13,8.76,8.86,8.63,8.64,369300,7.59
2009-02-12,8.38,9.09,8.38,8.81,368900,7.74
2009-02-11,8.49,8.64,8.44,8.64,359100,7.59
2009-02-10,8.69,8.78,8.38,8.38,254100,7.36
2009-02-09,8.99,9.00,8.54,8.83,245300,7.76
2009-02-06,8.52,8.96,8.46,8.96,243200,7.87
2009-02-05,8.26,8.50,8.17,8.40,175200,7.38
2009-02-04,8.46,8.47,8.19,8.24,306800,7.24
2009-02-03,8.36,8.54,8.18,8.46,246800,7.43
2009-02-02,8.05,8.29,7.88,8.27,313800,7.27
2009-01-30,8.45,8.45,7.97,8.19,328200,7.20
2009-01-29,8.51,8.55,8.27,8.28,133300,7.27
2009-01-28,8.57,8.57,8.37,8.54,232000,7.50
2009-01-27,8.50,8.55,8.38,8.50,191700,7.47
2009-01-26,8.61,8.67,8.26,8.46,146600,7.43
2009-01-23,8.45,8.57,8.10,8.50,462600,7.47
2009-01-22,8.60,8.66,8.37,8.42,218200,7.40
2009-01-21,8.92,9.47,8.39,8.88,324700,7.80
2009-01-20,9.37,9.44,8.82,8.82,357000,7.75
2009-01-16,9.25,9.35,8.79,9.25,388900,8.13
2009-01-15,8.96,9.42,8.96,8.99,316000,7.90
2009-01-14,9.13,9.24,8.90,9.07,348700,7.97
2009-01-13,8.51,9.25,8.46,9.10,369100,7.99
2009-01-12,8.75,8.81,8.46,8.63,286600,7.58
2009-01-09,8.88,9.00,8.44,8.91,167300,7.83
2009-01-08,8.79,8.95,8.63,8.79,405300,7.72
2009-01-07,9.17,9.17,8.62,8.73,328800,7.67
2009-01-06,8.60,9.40,8.60,9.37,196500,8.23
2009-01-05,8.27,8.75,8.12,8.65,178900,7.60
2009-01-02,8.38,8.45,8.11,8.21,967600,7.21
2008-12-31,7.57,8.23,7.57,8.22,149400,7.22
2008-12-30,7.22,7.69,7.20,7.64,135300,6.71
2008-12-29,7.21,7.28,7.03,7.28,83700,6.40
2008-12-26,7.34,7.34,7.07,7.13,71300,6.26
2008-12-24,7.69,7.69,7.28,7.36,52400,6.47
2008-12-23,7.67,7.87,7.57,7.71,123200,6.77
2008-12-22,8.10,8.10,7.62,7.73,126900,6.79
2008-12-19,7.71,8.27,7.61,8.02,203100,7.05
2008-12-18,7.97,8.04,7.59,7.71,109900,6.77
2008-12-17,7.63,7.97,7.57,7.87,221100,6.91
2008-12-16,7.31,7.75,7.30,7.75,206900,6.81
2008-12-15,7.27,7.35,6.99,7.18,249500,6.31
2008-12-12,7.16,7.35,7.00,7.32,175100,6.43
2008-12-11,7.51,7.52,7.19,7.21,100500,6.33
2008-12-10,7.49,7.52,7.19,7.51,101200,6.60
2008-12-09,7.87,7.88,7.43,7.46,240300,6.55
2008-12-08,7.33,8.00,7.30,7.93,518700,6.97
2008-12-05,7.07,7.35,6.77,7.24,394200,6.36
2008-12-04,7.33,7.50,7.00,7.08,193500,6.22
2008-12-03,7.49,7.77,7.38,7.50,332200,6.59
2008-12-02,7.32,7.69,7.12,7.62,335800,6.69
2008-12-01,7.57,7.73,7.22,7.23,632300,6.35
2008-11-28,7.92,7.98,7.76,7.93,189500,6.97
2008-11-26,7.85,8.04,7.63,8.04,473300,7.06
2008-11-25,7.83,7.98,7.47,7.78,344500,6.84
2008-11-24,7.50,8.00,7.43,7.98,383300,7.01
2008-11-21,7.45,7.61,7.11,7.48,303900,6.57
2008-11-20,7.10,7.45,6.88,7.33,475600,6.44
2008-11-19,7.34,7.49,6.97,7.04,208200,6.19
2008-11-18,7.54,7.55,6.99,7.30,335100,6.41
2008-11-17,7.29,7.55,7.28,7.49,140300,6.58
2008-11-14,7.57,7.57,7.15,7.46,315500,6.55
2008-11-13,7.70,7.70,6.99,7.57,355000,6.65
2008-11-12,7.75,7.94,7.53,7.63,309200,6.70
2008-11-11,7.77,7.98,7.62,7.83,610300,6.88
2008-11-10,8.47,9.16,7.69,7.98,478400,7.01
2008-11-07,7.46,8.08,7.16,8.08,130400,7.10
2008-11-06,7.64,7.88,7.07,7.16,163600,6.29
2008-11-05,8.02,8.35,7.73,7.77,105800,6.83
2008-11-04,7.72,8.27,7.60,8.14,173700,7.15
2008-11-03,7.89,8.18,7.67,7.70,340200,6.76
2008-10-31,7.43,7.90,7.33,7.83,138600,6.88
2008-10-30,6.87,7.57,6.85,7.38,211900,6.48
2008-10-29,6.46,7.07,6.30,6.79,213200,5.97
2008-10-28,6.56,6.86,6.32,6.60,648500,5.80
2008-10-27,7.06,7.06,6.34,6.34,179500,5.57
2008-10-24,6.90,7.19,6.85,6.92,286100,6.08
2008-10-23,7.15,7.32,6.91,7.18,780800,6.31
2008-10-22,7.49,7.65,7.05,7.24,477800,6.36
2008-10-21,7.98,8.05,7.60,7.67,113200,6.74
2008-10-20,7.63,8.02,7.58,7.98,120700,7.01
2008-10-17,6.92,7.94,6.86,7.78,270700,6.84
2008-10-16,7.75,7.75,6.86,7.57,327300,6.65
2008-10-15,8.54,8.54,7.72,7.75,315600,6.81
2008-10-14,8.65,8.84,8.11,8.54,527400,7.50
2008-10-13,8.13,8.68,7.90,8.52,118000,7.49
2008-10-10,7.75,8.44,6.95,8.21,846300,7.21
2008-10-09,7.50,8.11,7.50,7.75,870800,6.81
2008-10-08,8.09,8.09,7.38,7.50,626400,6.59
2008-10-07,8.77,8.90,8.14,8.14,375700,7.15
2008-10-06,9.08,9.08,8.09,8.61,433500,7.56
2008-10-03,10.21,10.39,9.49,9.58,297900,8.42
2008-10-02,10.57,10.60,10.17,10.25,276300,9.01
2008-10-01,10.52,10.84,10.16,10.50,731200,9.22
2008-09-30,10.30,10.72,9.97,10.39,840300,9.13
2008-09-29,11.00,11.00,9.24,10.30,685500,9.05
2008-09-26,11.28,11.32,10.83,11.01,330200,9.67
2008-09-25,11.50,11.67,11.34,11.50,285000,10.10
2008-09-24,11.79,11.96,11.39,11.41,350700,10.02
2008-09-23,11.53,11.96,11.43,11.69,209900,10.27
2008-09-22,11.50,12.00,11.34,11.76,508100,10.33
2008-09-19,11.45,12.70,11.14,11.39,604200,10.01
2008-09-18,12.18,12.62,11.42,11.45,540700,10.06
2008-09-17,12.25,12.49,12.10,12.23,228200,10.74
2008-09-16,12.60,12.69,12.25,12.43,199300,10.92
2008-09-15,12.61,13.26,12.56,12.70,297400,11.16
2008-09-12,13.93,13.93,13.41,13.62,304000,11.97
2008-09-11,14.01,14.29,13.78,14.13,143400,12.41
2008-09-10,13.76,14.15,13.72,14.07,238600,12.36
2008-09-09,13.85,14.05,13.74,13.75,122800,12.08
2008-09-08,13.91,13.99,13.69,13.85,128000,12.17
2008-09-05,13.66,13.99,13.52,13.77,166300,12.10
2008-09-04,13.74,13.79,13.50,13.60,95200,11.95
2008-09-03,13.91,14.08,13.63,13.73,119600,12.06
2008-09-02,13.88,14.18,13.83,14.04,266800,12.34
2008-08-29,14.01,14.28,13.44,14.15,249700,12.43
2008-08-28,13.99,14.20,13.67,14.17,217400,12.45
2008-08-27,13.93,14.14,13.70,13.85,345300,12.17
2008-08-26,14.00,14.01,13.85,13.89,157700,12.20
2008-08-25,14.01,14.25,13.83,13.92,189100,12.23
2008-08-22,14.19,14.30,13.93,13.99,258200,12.29
2008-08-21,14.34,14.38,14.09,14.22,143600,12.49
2008-08-20,14.51,14.53,14.00,14.27,214200,12.54
2008-08-19,14.58,14.69,14.26,14.39,139400,12.64
2008-08-18,14.77,15.29,14.29,14.57,210100,12.80
2008-08-15,14.77,14.91,14.52,14.89,127500,13.08
2008-08-14,14.98,15.05,14.51,14.64,191300,12.86
2008-08-13,14.47,15.18,14.47,14.85,339500,13.05
2008-08-12,14.74,14.90,14.50,14.62,327000,12.84
2008-08-11,14.96,15.17,14.86,15.13,238100,13.29
2008-08-08,14.29,15.27,14.27,15.18,621000,13.34
2008-08-07,14.66,15.26,14.18,14.21,274600,12.48
2008-08-06,14.32,15.16,13.33,14.56,1065300,12.79
2008-08-05,13.41,13.49,12.83,13.28,187900,11.67
2008-08-04,13.33,13.51,13.00,13.25,195100,11.64
2008-08-01,13.38,13.48,13.02,13.20,310800,11.60
2008-07-31,13.30,13.93,13.13,13.26,143700,11.65
2008-07-30,13.04,13.43,13.03,13.16,165800,11.56
2008-07-29,12.62,13.11,12.48,13.04,180700,11.46
2008-07-28,12.70,12.93,12.48,12.71,171200,11.17
2008-07-25,13.20,13.20,12.68,12.69,124700,11.15
2008-07-24,13.52,13.64,12.92,13.06,98600,11.47
2008-07-23,13.45,13.60,13.30,13.40,233100,11.77
2008-07-22,12.99,13.49,12.84,13.33,356600,11.71
2008-07-21,13.65,13.80,12.80,12.87,457500,11.31
2008-07-18,13.70,13.79,13.45,13.52,177300,11.88
2008-07-17,13.52,14.27,13.40,13.57,325100,11.92
2008-07-16,13.30,13.73,13.14,13.68,160500,12.02
2008-07-15,13.24,13.51,13.16,13.28,189000,11.67
2008-07-14,13.46,13.61,13.24,13.35,174900,11.73
2008-07-11,13.98,13.98,13.22,13.33,342800,11.71
2008-07-10,13.94,14.10,13.55,14.01,290000,12.31
2008-07-09,14.24,14.44,13.64,13.97,396800,12.27
2008-07-08,14.01,14.28,13.80,14.12,220100,12.41
2008-07-07,13.89,14.20,13.76,13.89,484700,12.20
2008-07-03,14.75,14.93,12.86,13.73,430500,12.06
2008-07-02,15.20,15.24,14.61,14.77,246200,12.98
2008-07-01,14.81,15.33,14.36,15.33,529800,13.47
2008-06-30,15.09,15.49,14.73,14.92,150000,13.11
2008-06-27,14.84,15.24,14.42,15.24,1344300,13.39
2008-06-26,14.64,14.93,14.49,14.84,367200,13.04
2008-06-25,14.48,14.90,14.41,14.62,289000,12.84
2008-06-24,14.67,14.67,14.06,14.37,278000,12.63
2008-06-23,14.40,14.90,14.26,14.75,229400,12.96
2008-06-20,14.83,14.83,14.35,14.40,112100,12.65
2008-06-19,15.12,15.25,14.62,14.95,148000,13.13
2008-06-18,15.20,15.70,15.08,15.30,173900,13.44
2008-06-17,15.35,15.64,15.07,15.41,144400,13.54
2008-06-16,15.11,15.51,14.65,15.38,193000,13.51
2008-06-13,15.07,15.43,14.89,15.10,258600,13.27
2008-06-12,14.95,15.24,14.91,15.07,271600,13.24
2008-06-11,14.51,14.99,14.51,14.70,130700,12.91
2008-06-10,15.45,15.74,14.59,14.59,352300,12.82
2008-06-09,15.70,15.90,15.58,15.87,577000,13.94
2008-06-06,15.35,15.89,15.32,15.84,191900,13.92
2008-06-05,15.59,15.90,15.49,15.49,455900,13.61
2008-06-04,14.97,15.98,14.89,15.94,312900,14.00
2008-06-03,14.71,15.18,14.71,15.18,200800,13.34
2008-06-02,14.43,14.96,14.41,14.79,260500,12.99
2008-05-30,14.99,15.45,14.50,14.50,1004100,12.74
2008-05-29,14.89,15.05,14.70,15.00,852000,13.18
2008-05-28,15.00,15.15,14.72,15.04,356400,13.21
2008-05-27,14.39,15.05,14.15,15.05,703400,13.22
2008-05-23,14.13,14.69,14.13,14.55,240800,12.78
2008-05-22,14.07,14.55,13.96,14.36,323900,12.62
2008-05-21,13.45,13.90,13.35,13.90,150700,12.21
2008-05-20,13.59,13.59,13.35,13.45,54600,11.82
2008-05-19,13.78,13.95,13.48,13.53,90200,11.89
2008-05-16,13.74,14.09,13.74,13.95,233600,12.26
2008-05-15,13.16,14.00,13.03,13.83,357000,12.15
2008-05-14,12.96,13.35,12.94,13.35,85300,11.73
2008-05-13,13.01,13.19,12.89,13.04,896600,11.46
2008-05-12,13.30,13.34,12.90,13.10,115500,11.51
2008-05-09,13.22,13.35,13.08,13.30,80100,11.68
2008-05-08,13.46,13.69,13.24,13.43,510000,11.80
2008-05-07,13.47,13.70,13.30,13.56,654200,11.91
2008-05-06,14.31,14.33,13.27,13.56,357800,11.91
2008-05-05,14.78,14.89,14.11,14.47,219200,12.71
2008-05-02,15.98,15.98,13.92,14.68,403100,12.90
2008-05-01,14.39,15.66,14.00,15.35,549200,13.49
2008-04-30,13.44,14.30,13.42,14.30,336000,12.56
2008-04-29,13.37,13.73,13.33,13.51,261700,11.87
2008-04-28,13.14,13.49,13.14,13.37,258400,11.75
2008-04-25,13.50,13.56,13.01,13.04,107800,11.46
2008-04-24,13.28,13.52,13.28,13.50,98300,11.86
2008-04-23,12.77,13.32,12.77,13.27,299500,11.66
2008-04-22,12.89,12.89,12.47,12.71,223100,11.17
2008-04-21,12.70,13.02,12.42,12.92,225800,11.35
2008-04-18,12.42,12.84,12.37,12.73,424700,11.18
2008-04-17,12.19,12.22,11.83,12.22,299400,10.74
2008-04-16,12.08,12.43,12.00,12.17,286700,10.69
2008-04-15,12.05,12.19,11.96,12.03,404200,10.57
2008-04-14,12.13,12.13,11.80,12.05,303900,10.59
2008-04-11,13.18,13.18,11.95,12.04,402400,10.58
2008-04-10,12.41,12.65,12.25,12.31,285400,10.82
2008-04-09,12.43,12.73,12.30,12.44,132900,10.93
2008-04-08,12.59,12.89,12.39,12.67,297900,11.13
2008-04-07,12.90,13.06,12.74,12.76,751100,11.21
2008-04-04,12.90,13.00,12.80,12.92,230600,11.35
2008-04-03,12.80,12.82,12.51,12.78,386900,11.23
2008-04-02,12.72,12.89,12.45,12.88,185600,11.32
2008-04-01,12.40,12.74,12.27,12.60,861900,11.07
2008-03-31,12.59,12.96,12.06,12.25,619800,10.76
2008-03-28,12.40,12.53,11.78,12.49,489500,10.97
2008-03-27,12.99,13.09,12.33,12.39,297100,10.89
2008-03-26,13.51,13.68,12.75,12.89,320400,11.32
2008-03-25,13.80,13.93,13.35,13.48,342200,11.84
2008-03-24,13.24,14.12,13.00,13.90,458600,12.21
2008-03-20,11.50,13.78,11.50,13.24,375100,11.63
2008-03-19,12.65,12.78,11.50,11.50,312800,10.10
2008-03-18,12.63,12.80,12.11,12.56,176600,11.03
2008-03-17,12.80,12.80,12.40,12.54,243800,11.02
2008-03-14,13.74,13.94,12.80,12.80,240800,11.25
2008-03-13,13.89,14.16,13.34,13.85,100700,12.17
2008-03-12,13.37,14.22,12.96,13.91,114200,12.22
2008-03-11,12.80,13.50,12.80,13.34,170700,11.72
2008-03-10,12.94,13.34,12.63,12.66,243500,11.12
2008-03-07,13.81,13.81,13.02,13.02,129200,11.44
2008-03-06,13.82,13.82,13.36,13.74,107300,12.07
2008-03-05,13.64,14.01,13.51,13.74,231000,12.07
2008-03-04,14.00,14.12,13.08,13.65,154600,11.99
2008-03-03,15.15,15.35,14.14,14.27,313700,12.54
2008-02-29,15.58,15.58,14.95,15.25,66800,13.40
2008-02-28,15.91,15.91,15.25,15.64,178800,13.74
2008-02-27,15.59,16.16,15.50,16.04,376900,14.09
2008-02-26,14.65,15.60,14.46,15.54,567000,13.65
2008-02-25,14.07,14.60,14.07,14.60,257300,12.83
2008-02-22,14.30,14.55,13.99,14.35,239500,12.61
2008-02-21,13.98,14.23,13.92,14.23,187600,12.50
2008-02-20,13.75,14.13,13.50,13.95,167500,12.26
2008-02-19,13.75,13.99,13.63,13.91,196400,12.22
2008-02-15,13.90,13.90,13.39,13.50,49300,11.86
2008-02-14,13.05,14.00,13.00,14.00,267000,12.30
2008-02-13,13.27,13.50,13.10,13.13,517600,11.54
2008-02-12,13.00,13.46,12.97,13.32,251800,11.70
2008-02-11,13.46,13.46,12.96,13.04,652800,11.46
2008-02-08,13.20,13.33,13.00,13.33,129700,11.71
2008-02-07,13.06,13.32,12.97,13.14,182800,11.54
2008-02-06,12.86,13.23,12.60,13.23,365000,11.62
2008-02-05,12.61,13.04,12.48,12.90,282700,11.33
2008-02-04,12.40,12.55,12.40,12.46,90000,10.95
2008-02-01,12.40,13.04,12.40,12.55,591900,11.03
2008-01-31,12.00,12.62,11.86,12.15,267400,10.67
2008-01-30,12.23,12.58,11.85,12.19,238400,10.71
2008-01-29,11.92,12.45,11.92,12.25,313300,10.76
2008-01-28,11.55,12.16,11.09,11.80,229300,10.37
2008-01-25,12.10,12.21,11.57,11.65,256400,10.24
2008-01-24,12.34,12.34,11.51,12.02,121100,10.56
2008-01-23,12.34,12.53,12.10,12.10,138600,10.63
2008-01-22,12.01,12.72,11.73,12.56,71100,11.03
2008-01-18,12.63,12.63,11.86,12.51,236300,10.99
2008-01-17,11.51,13.45,10.77,12.64,1094800,11.11
2008-01-16,12.10,12.15,11.51,11.65,176700,10.24
2008-01-15,12.50,12.92,12.16,12.23,170900,10.74
2008-01-14,13.33,13.33,12.11,12.66,454600,11.12
2008-01-11,13.50,13.52,13.01,13.07,308600,11.48
2008-01-10,13.15,13.76,13.04,13.47,71600,11.83
2008-01-09,13.35,13.47,13.20,13.40,83300,11.77
2008-01-08,13.74,13.74,13.40,13.40,77500,11.77
2008-01-07,14.70,14.70,13.65,13.74,230300,12.07
2008-01-04,15.27,15.27,14.33,14.60,27600,12.83
2008-01-03,15.25,15.25,14.91,15.15,107600,13.31
2008-01-02,15.04,15.38,14.54,15.32,266200,13.46
2007-12-31,15.42,15.42,15.07,15.23,48400,13.38
2007-12-28,15.47,15.66,14.93,15.30,74400,13.44
2007-12-27,15.55,15.72,15.30,15.30,59500,13.44
2007-12-26,15.76,15.84,15.51,15.64,62400,13.74
2007-12-24,15.40,16.00,15.40,15.96,21800,14.02
2007-12-21,15.19,15.65,14.99,15.56,112300,13.67
2007-12-20,14.49,15.65,14.27,14.98,158900,13.16
2007-12-19,14.00,14.50,13.90,14.26,57800,12.53
2007-12-18,14.28,14.28,13.73,14.05,60700,12.34
2007-12-17,13.86,14.45,13.61,14.05,233200,12.34
2007-12-14,13.85,14.38,13.60,14.32,283100,12.58
2007-12-13,13.11,14.05,13.11,14.05,229300,12.34
2007-12-12,14.10,14.20,13.22,13.37,196700,11.75
2007-12-11,14.02,14.12,13.90,14.12,124800,12.41
2007-12-10,14.31,14.31,13.91,14.14,176700,12.42
2007-12-07,14.00,14.32,13.95,14.31,354600,12.57
2007-12-06,14.16,14.20,13.87,13.97,41200,12.27
2007-12-05,14.25,14.38,14.01,14.16,129700,12.44
2007-12-04,14.93,14.93,13.89,13.94,183500,12.25
2007-12-03,14.47,15.05,14.29,15.04,169400,13.21
2007-11-30,14.71,14.71,14.22,14.30,119300,12.56
2007-11-29,14.00,14.56,14.00,14.39,95600,12.64
2007-11-28,14.83,15.00,14.09,14.09,147100,12.38
2007-11-27,14.54,15.33,13.88,14.77,321600,12.98
2007-11-26,15.25,15.32,14.51,14.61,89600,12.84
2007-11-23,15.15,15.43,15.08,15.15,64100,13.31
2007-11-21,15.50,15.70,15.14,15.53,135700,13.64
2007-11-20,14.89,16.00,14.83,15.45,129900,13.57
2007-11-19,14.40,14.83,14.08,14.68,139000,12.90
2007-11-16,14.86,14.92,14.44,14.63,118000,12.85
2007-11-15,15.13,15.50,14.93,14.97,162900,13.15
2007-11-14,15.92,16.08,15.02,15.31,226500,13.45
2007-11-13,14.50,16.08,14.50,15.50,346000,13.62
2007-11-12,14.71,14.73,13.97,14.06,140600,12.35
2007-11-09,14.70,15.28,14.61,14.65,175700,12.87
2007-11-08,15.02,15.02,14.50,14.85,183300,13.05
2007-11-07,14.66,15.08,14.66,14.75,201300,12.96
2007-11-06,15.58,15.58,14.60,14.82,139800,13.02
2007-11-05,14.85,15.51,14.43,15.51,181000,13.63
2007-11-02,15.52,15.52,14.76,15.06,135500,13.23
2007-11-01,15.96,16.05,15.43,15.54,194700,13.65
2007-10-31,16.30,16.30,15.45,16.00,274800,14.06
2007-10-30,16.41,16.50,16.19,16.21,37400,14.24
2007-10-29,16.40,16.95,16.30,16.57,956300,14.56
2007-10-26,15.30,16.32,15.30,16.31,473500,14.33
2007-10-25,15.35,15.65,15.05,15.22,111400,13.37
2007-10-24,15.60,15.70,15.09,15.22,120500,13.37
2007-10-23,15.76,15.81,15.58,15.75,67100,13.84
2007-10-22,15.83,15.99,15.55,15.74,137500,13.83
2007-10-19,16.14,16.39,15.77,15.96,102200,14.02
2007-10-18,16.05,16.40,15.77,16.04,211600,14.09
2007-10-17,15.90,16.31,15.90,16.15,271700,14.19
2007-10-16,15.85,16.02,15.69,15.76,94400,13.85
2007-10-15,16.25,16.27,15.86,15.95,69200,14.01
2007-10-12,15.78,16.97,15.77,16.42,267100,14.43
2007-10-11,16.25,16.69,15.60,15.85,231900,13.93
2007-10-10,15.88,16.05,15.83,16.03,250300,14.08
2007-10-09,16.74,16.79,15.54,15.80,320400,13.88
2007-10-08,16.75,16.87,16.38,16.42,133100,14.43
2007-10-05,16.49,17.39,15.76,16.86,331000,14.81
2007-10-04,17.34,17.45,16.89,17.39,85400,15.28
2007-10-03,17.67,17.96,17.30,17.32,397600,15.22
2007-10-02,17.83,17.83,17.15,17.55,490200,15.42
2007-10-01,16.75,18.87,16.44,17.68,1208000,15.53
2007-09-28,15.76,17.04,15.70,16.95,1309500,14.89
2007-09-27,14.60,16.68,14.57,15.98,929400,14.04
2007-09-26,13.80,15.33,13.75,14.43,736200,12.68
2007-09-25,13.83,14.05,13.37,13.70,493700,12.04
2007-09-24,14.22,14.22,13.75,13.91,288200,12.22
2007-09-21,14.43,14.61,13.84,14.07,461700,12.36
2007-09-20,14.65,14.74,14.41,14.43,79300,12.68
2007-09-19,14.50,15.40,14.42,14.75,890300,12.96
2007-09-18,14.39,15.44,14.31,14.57,105900,12.80
2007-09-17,14.45,14.68,14.26,14.39,30000,12.64
2007-09-14,14.40,14.75,14.38,14.56,64800,12.79
2007-09-13,14.94,14.94,14.35,14.75,441500,12.96
2007-09-12,14.55,15.23,14.53,14.95,409300,13.13
2007-09-11,14.65,15.00,14.50,14.61,235600,12.84
2007-09-10,14.48,14.84,14.37,14.58,380300,12.81
2007-09-07,15.25,15.28,14.58,14.69,245000,12.91
2007-09-06,15.42,15.53,14.87,15.36,150500,13.49
2007-09-05,16.00,16.00,15.40,15.52,103000,13.64
2007-09-04,16.51,16.75,15.95,16.01,136200,14.07
2007-08-31,16.50,16.68,16.28,16.52,164300,14.51
2007-08-30,16.25,16.85,16.00,16.35,491300,14.36
2007-08-29,16.15,16.25,15.70,16.25,193700,14.28
2007-08-28,16.73,16.73,15.75,16.25,178200,14.28
2007-08-27,16.68,16.68,15.74,16.53,109800,14.52
2007-08-24,16.81,16.93,16.00,16.93,811400,14.87
2007-08-23,15.56,16.64,15.45,16.36,1508200,14.37
2007-08-22,14.85,15.70,14.70,15.64,174700,13.74
2007-08-21,14.65,14.91,13.92,14.62,234500,12.84
2007-08-20,14.00,14.97,13.95,14.52,468700,12.76
2007-08-17,14.97,15.35,13.01,14.00,1555200,12.30
2007-08-16,14.62,14.75,14.20,14.27,416800,12.54
2007-08-15,14.78,15.00,14.50,14.84,215700,13.04
2007-08-14,15.15,15.50,14.60,14.88,355400,13.07
2007-08-13,15.74,15.95,15.36,15.45,287700,13.57
2007-08-10,15.82,16.30,15.15,15.69,1423800,13.78
2007-08-09,16.49,16.49,16.02,16.07,593500,14.12
2007-08-08,17.01,17.44,16.15,16.50,1256900,14.50
2007-08-07,16.03,17.00,15.98,17.00,694200,14.94
2007-08-06,15.80,16.19,15.28,16.18,852900,14.22
2007-08-03,16.30,17.00,15.25,15.75,1704500,13.84
2007-08-02,14.00,17.10,13.63,16.75,18495200,14.72
